30.807625 25.755043 40.276791 -5.525000 -1.000255 1.346577 
30.849428 25.612316 40.015575 -5.460100 -1.994721 -1.110031 
30.919849 25.506790 40.267727 -5.135583 -3.002085 1.380002 
30.967707 25.406528 40.041447 -4.977285 -3.507700 -0.578051 
32.454594 25.691761 38.851139 -2.216843 -0.316168 -5.750795 
32.602570 25.902170 38.812969 -1.128662 0.194170 -6.099796 
32.692772 25.682491 38.800964 -0.412525 -0.201804 -6.180330 
32.848511 25.909948 38.809155 0.979350 0.156766 -6.118502 
31.274223 25.337196 40.647896 -3.754077 -3.681869 3.340867 
31.333576 25.507113 40.857872 -3.759037 -2.783430 4.092382 
31.121445 25.583227 40.693810 -4.450704 -2.173545 3.642127 
31.247890 25.096958 40.151878 -4.411048 -4.302633 0.800567 
31.077642 25.290134 40.214787 -4.583872 -4.067363 0.969814 
31.129267 25.232893 39.919083 -4.567101 -3.744419 -1.496171 
33.309055 24.951153 40.716232 4.021035 -4.207360 2.068164 
33.306305 25.103355 40.949848 3.934896 -3.662996 3.078874 
33.090595 24.901760 40.919571 2.961698 -4.533840 3.030966 
33.005394 24.869141 39.177826 2.086018 -4.506530 -3.486803 
32.693619 24.839170 39.145580 -0.090547 -4.332588 -4.375624 
32.821526 25.014093 38.990364 0.310332 -3.655935 -4.891851 
31.510609 26.726774 39.362625 -5.040264 -2.011215 -2.984964 
31.662045 26.641108 39.247665 -3.654094 -2.455251 -4.383801 
31.529564 26.496025 39.392872 -4.067003 0.080599 -4.703574 
32.325027 26.074444 38.929466 -2.852000 0.293166 -5.583727 
32.384441 25.901287 38.892475 -2.589436 0.214456 -5.707777 
32.194221 25.911598 38.991505 -3.101971 0.111761 -5.451402 
31.223970 25.374502 39.635082 -3.769668 -2.475089 -4.167037 
31.005686 25.489164 39.794159 -4.592733 -2.525794 -3.028368 
31.589563 24.806799 40.252995 -4.000981 -4.518599 1.553903 
31.421318 24.998676 40.338017 -3.999827 -4.322619 2.081625 
31.417498 24.921024 40.075573 -4.245332 -4.522918 0.447428 
31.589970 24.758802 39.972424 -3.852183 -4.756476 -0.460249 
31.765827 24.638084 40.154724 -3.384281 -5.127412 0.643340 
31.476950 26.392521 41.132008 -4.665391 0.811234 4.112428 
31.626059 26.293020 41.307758 -4.535669 0.204694 4.326327 
31.633587 26.554695 41.282673 -4.504342 1.296556 4.094218 
32.510006 26.101849 38.848801 -1.934951 0.094416 -5.946560 
31.073687 25.408178 40.471718 -4.471216 -3.355341 2.553216 
32.232662 24.825846 41.032383 -1.732773 -4.608217 3.699694 
31.964018 24.924437 40.931561 -3.473989 -3.804146 3.535581 
32.110592 24.706932 40.809116 -2.280992 -4.712583 3.174956 
32.536373 25.456757 38.851963 -1.853642 -1.113965 -5.777149 
32.803879 25.448650 38.809811 0.193293 -0.890944 -6.029234 
32.657707 25.217424 38.883518 -1.019108 -2.301205 -5.536952 
33.144577 26.417343 41.492973 4.624757 0.209672 4.242088 
32.994270 26.578251 41.636223 3.986044 0.540940 4.772893 
32.966610 26.299675 41.683411 4.046262 0.207256 4.748404 
30.952425 25.671707 40.494713 -5.099516 -1.662721 3.073130 
30.901463 25.955523 40.472588 -5.307126 0.637183 2.933664 
30.818182 26.047115 40.238762 -5.462473 1.721102 0.913286 
33.442638 25.189516 39.367962 5.241214 -2.557351 -1.912489 
33.340904 25.225296 39.110523 4.438033 -2.264776 -3.271321 
33.459732 25.434389 39.226540 5.464134 -0.751506 -2.668826 
33.893948 26.282185 40.436779 4.964351 -3.123176 2.073232 
33.726925 26.116316 40.672707 5.575529 -1.262423 2.555669 
33.768620 25.981413 40.445621 5.940679 -1.632076 1.037303 
32.796051 26.215841 41.813305 2.540850 -0.017885 5.509921 
32.902164 26.041239 41.728416 3.504790 -0.698998 5.056976 
33.801117 26.396969 40.695396 4.680306 -2.408293 3.320661 
32.826878 27.063267 41.641651 1.603396 1.712361 5.666155 
32.728222 27.272631 41.576469 -0.154460 2.426482 5.686529 
32.560276 27.126947 41.620358 -1.148427 2.824591 5.386190 
32.223698 25.183596 41.386440 -2.258415 -3.409406 4.548794 
32.084927 25.042191 41.169415 -3.087524 -3.671377 3.913646 
32.369999 24.959105 41.241863 -1.016768 -4.374465 4.163969 
33.843750 26.122862 40.207050 5.397037 -3.112233 -0.007714 
32.534710 25.127161 41.408745 0.147635 -3.833529 4.807988 
33.300938 25.458672 38.997646 4.087221 -0.384655 -4.450583 
32.564053 26.884230 41.746262 -0.265416 2.119703 5.663980 
32.808128 26.742529 41.737545 2.296449 1.191859 5.551684 
33.925358 26.259939 39.974525 3.920883 -4.697731 -0.980696 
34.037064 26.350616 40.183323 3.744561 -4.856921 1.002550 
34.216206 26.410877 39.946846 1.288795 -2.513334 0.013255 
33.742687 26.014071 39.984554 5.539557 -2.365177 -1.531338 
32.432243 27.469419 41.352562 -1.448634 1.541567 2.320406 
32.555099 27.307652 41.517845 -2.036652 2.927663 5.126517 
32.699203 27.453718 41.488476 -0.493530 1.432585 2.694479 
33.763638 26.206778 39.772621 4.342662 -3.640425 -2.228105 
34.014858 26.372393 39.722260 1.373207 -2.534352 -0.914915 
33.124931 25.063360 39.032738 2.558162 -3.506461 -4.092415 
33.253181 25.002041 39.263569 4.022750 -3.968418 -2.531982 
32.337002 26.970356 41.636150 -2.329646 2.902187 4.948793 
32.604286 25.548628 41.684258 0.604154 -2.848795 5.374812 
32.408466 25.354956 41.560585 -0.937197 -3.240223 5.135871 
32.723289 25.332478 41.522713 1.385262 -3.332152 5.044069 
33.398895 25.668987 39.124878 5.019612 0.339193 -3.607551 
33.209312 25.688974 38.942463 3.474499 0.365823 -5.115218 
31.369699 27.013191 39.553001 -2.920839 -0.745620 -0.026824 
31.420908 26.902998 39.318935 -2.400841 -1.237926 -0.632608 
31.429773 26.844082 39.498619 -5.937379 -1.359985 -1.145922 
31.047039 25.859604 40.681484 -4.992324 -0.389094 3.688728 
31.934397 26.613449 41.544800 -3.751530 1.617567 4.708951 
32.112175 26.540012 41.689465 -3.059339 1.171583 5.286951 
32.121422 26.793859 41.606163 -3.164769 2.369790 4.805305 
31.399012 26.889185 39.682552 -6.097160 0.054686 -0.824960 
31.412531 26.693283 39.556927 -5.460345 0.774493 -2.821277 
31.633579 24.913881 40.514755 -3.904771 -4.045184 2.785228 
31.246372 25.197336 40.408226 -4.025065 -4.195742 2.274335 
33.201290 26.998074 41.422810 3.536054 -0.224149 5.164741 
33.459667 27.171598 41.299660 1.456699 -0.516955 2.720853 
33.230652 27.282753 41.420025 1.355172 0.093466 2.781572 
31.545412 25.037346 39.576134 -3.486608 -2.962564 -4.154745 
31.328997 25.132118 39.713036 -4.085900 -3.223532 -3.297594 
31.461863 25.288538 39.511642 -3.220845 -2.052326 -4.939035 
33.349857 25.713640 41.260803 4.613129 -0.819276 4.043865 
33.131229 25.639742 41.444138 3.898219 -1.520720 4.631589 
33.224319 25.454144 41.289482 3.987156 -2.025447 4.363051 
31.321287 26.221054 40.990570 -4.673028 0.601829 4.121056 
31.327736 26.485647 40.934315 -4.922402 1.522728 3.484613 
31.177355 26.311073 40.781666 -5.152185 1.475459 3.165600 
31.055740 26.425472 40.276642 -5.336635 3.208378 0.580181 
31.088026 26.380371 40.537117 -5.416142 2.444265 1.884265 
31.180313 26.603409 40.435223 -5.545728 2.798029 0.830213 
33.545471 25.415554 39.500065 5.936237 -1.033358 -1.523734 
33.234795 25.925695 41.400043 4.565926 -0.327590 4.266106 
33.002651 25.379436 41.430019 2.923992 -2.726489 4.718814 
32.887089 25.571404 41.592396 2.728551 -2.380641 5.038191 
33.936150 26.634712 40.756802 3.274685 -3.678670 3.853925 
34.025440 26.526819 40.542412 3.418631 -4.101032 3.193500 
33.438923 24.963701 40.217949 4.901337 -3.801354 0.225952 
33.346245 24.854910 39.971001 4.530861 -4.189465 -0.398093 
33.526321 25.127617 39.946369 5.530100 -2.791418 -0.629788 
33.485416 25.077047 40.486580 5.023828 -3.538169 1.023960 
33.291008 24.839674 40.453873 4.051223 -4.532951 1.134989 
32.862015 25.130297 41.321632 2.039136 -3.799303 4.474467 
34.068840 26.825672 40.857235 1.231494 -1.798932 2.045507 
33.892666 26.944715 41.031311 1.219158 -1.422539 2.386454 
33.863365 26.755959 40.915649 2.987163 -3.268264 4.438075 
32.749943 26.114231 38.808319 0.039179 -0.053980 -6.234734 
32.635155 26.363415 38.801025 -0.636832 -0.128303 -3.129804 
34.102596 26.460350 40.353100 3.268262 -4.741448 2.383086 
31.436207 27.318928 40.338150 -2.934287 0.895864 0.473262 
31.403627 27.218149 40.072323 -3.071572 0.632532 -0.031614 
31.365877 27.044090 40.256199 -6.023982 1.755639 0.067574 
33.123306 24.807905 39.421631 3.461199 -4.662149 -2.212858 
33.338539 24.965670 39.522343 4.568160 -3.904762 -1.599055 
33.448822 26.028063 41.139553 5.039944 -0.092277 3.733168 
32.925133 26.292562 38.818115 0.755595 -0.162985 -3.147760 
31.599211 26.789272 39.159058 -1.786081 -1.638574 -1.615334 
30.953566 26.206120 40.376564 -5.362965 2.628560 1.757645 
31.861572 24.802851 40.679340 -3.602388 -4.119986 2.985671 
32.058502 24.585430 40.539375 -2.161025 -5.285830 2.190152 
33.787407 26.360666 39.545483 1.966694 -2.028923 -1.431171 
32.544361 25.031908 39.021633 -1.456470 -3.259672 -5.078809 
32.118828 25.461838 41.494476 -3.088335 -2.662844 4.686977 
33.320412 25.889437 39.065563 4.507006 0.500832 -4.288879 
31.225637 26.560102 40.692162 -5.401197 2.229496 2.210760 
31.389439 25.554419 39.469501 -2.904550 -1.347834 -5.378608 
31.630964 25.475170 39.366920 -2.919756 -1.216220 -5.423763 
32.976147 27.384092 41.500072 0.817624 0.866368 2.845724 
31.036564 26.131100 40.625946 -5.265989 1.343388 3.018169 
30.806854 25.924881 39.991592 -5.620275 0.562113 -1.416146 
31.374125 26.741323 40.847340 -5.101940 2.178794 2.874307 
33.119976 25.949972 38.911407 3.078939 0.186685 -5.412727 
31.172934 26.043369 40.845680 -4.827195 0.296589 3.909394 
32.196938 27.460127 41.176514 -1.652134 1.561714 2.166220 
32.191914 27.246758 41.326557 -3.208084 3.209363 4.343560 
33.093891 25.084282 41.129597 3.017755 -3.903266 3.831973 
33.103264 25.253592 41.275333 3.190183 -3.181900 4.291266 
31.380615 27.116083 39.809681 -3.124325 -0.058303 0.088430 
34.284790 26.593546 40.434689 1.203124 -2.289375 1.341739 
34.303738 26.489218 40.193851 1.227227 -2.394473 0.789978 
31.379179 26.960340 39.883762 -6.106179 0.955109 -0.740124 
33.600277 26.326899 39.341442 2.357919 -1.179574 -1.695270 
33.618553 26.142202 39.543056 5.205243 -2.149964 -2.557280 
33.503372 25.164829 39.643879 5.529005 -2.537290 -1.121070 
32.653664 26.016300 41.841709 1.116150 -0.957199 5.884011 
32.385151 26.026466 41.832531 -1.453309 -0.786337 5.870278 
32.487736 25.789934 41.793430 -0.421687 -1.959321 5.752279 
33.718697 25.692225 40.468575 6.127324 -1.007532 0.604102 
33.647083 25.370844 40.532623 5.688093 -2.090236 0.895392 
33.691288 25.529177 40.231472 6.080604 -1.268252 -0.462975 
33.637878 25.934320 39.732651 5.810306 -1.229639 -1.907773 
34.196365 26.707518 40.653717 1.273704 -2.118093 1.736226 
32.280163 24.733593 39.330753 -1.679362 -4.109535 -4.183244 
32.422398 24.878855 39.172295 -1.599794 -3.678681 -4.765603 
32.559589 24.682384 39.324772 -0.268033 -4.845177 -3.782609 
33.511383 25.749397 41.036194 5.268835 -0.503512 3.329310 
32.642101 24.965183 41.244862 0.866482 -4.449551 4.211549 
33.661789 25.679926 39.944984 6.081400 -0.937803 -1.249592 
33.402863 26.297247 39.140881 2.321488 -0.457889 -2.080420 
33.499962 26.097324 39.325134 5.284371 -0.953295 -3.196074 
31.348551 25.953991 41.027596 -4.332151 -0.475233 4.477337 
33.398117 24.964375 39.756992 4.904873 -3.727379 -0.970592 
32.358971 24.514555 40.483807 -0.215769 -5.967242 1.707181 
32.175888 24.483198 40.279720 -1.099386 -5.988323 0.987165 
32.485168 24.461109 40.210770 0.447078 -6.140685 0.722637 
33.102402 26.121901 41.549763 4.483998 -0.139332 4.370647 
31.700680 25.200031 39.402744 -3.073508 -1.866329 -5.136168 
31.975986 25.304459 41.270973 -3.684641 -2.930331 4.143857 
31.878195 25.388472 39.245728 -3.152838 -1.296325 -5.272033 
33.604420 25.230280 40.233643 5.623767 -2.538121 -0.093527 
33.630032 25.390312 40.026283 5.998215 -1.552229 -0.883190 
33.476189 26.391071 41.106224 4.657669 -0.522162 4.151222 
33.288715 26.241808 41.330128 4.789914 0.073717 4.065316 
32.117680 26.591969 39.018379 -1.421342 -0.485014 -2.725061 
31.792437 26.480541 39.212746 -3.194978 -1.053573 -5.246799 
31.853348 26.689335 39.082348 -1.368202 -1.343152 -2.465716 
32.281830 24.593063 40.685066 -0.803014 -5.579531 2.564762 
33.593552 25.662622 39.635323 6.081515 -0.413926 -1.495109 
32.961487 25.691977 38.828175 1.663770 0.086602 -5.966362 
33.491776 25.191610 40.747562 4.909073 -3.190718 2.000698 
31.154064 25.647118 39.579506 -3.615405 -1.291659 -4.832018 
33.020924 25.839731 41.596352 3.886237 -1.139544 4.723145 
31.290939 26.797642 40.590908 -5.560765 2.418393 1.427041 
32.364845 26.475685 38.897221 -1.368469 -0.231090 -2.833012 
32.186886 26.208063 39.017120 -3.028580 -0.059057 -5.486489 
31.857748 25.166622 41.044254 -3.825382 -3.278836 3.749646 
31.961008 27.452467 41.004383 -1.655548 1.552673 2.172902 
32.021210 27.275206 41.177376 -3.283971 3.183896 4.307198 
31.279800 26.822773 40.332897 -5.732973 2.545681 0.059063 
31.316162 26.849106 40.062698 -5.770971 2.266497 -0.815764 
31.856148 25.610575 41.355309 -3.795996 -2.326581 4.417613 
31.754702 25.404428 41.136131 -3.707691 -2.927980 4.133779 
31.425520 25.693649 41.032520 -3.895099 -1.830760 4.523242 
31.546843 25.461109 41.000565 -3.562552 -2.980137 4.204359 
33.735527 25.836241 40.213799 6.071784 -1.437884 -0.547554 
32.320671 26.713663 41.747795 -2.014354 1.751879 5.544459 
31.789753 24.701502 40.418747 -3.582071 -4.593951 2.145417 
30.959349 26.080242 39.737030 -4.692110 1.490163 -3.231565 
30.938597 25.767307 39.745960 -4.790521 -0.769068 -3.552618 
31.295649 25.044809 39.930172 -4.457327 -4.156332 -0.983920 
31.775726 24.930029 39.474705 -3.114196 -3.025565 -4.407275 
31.630295 25.637447 41.173702 -3.794442 -2.236656 4.462515 
33.596218 25.402063 39.782028 6.025133 -1.298172 -1.014767 
33.691349 25.847227 40.677399 5.907108 -0.648383 1.970229 
32.775963 25.784616 41.747234 2.178726 -1.815170 5.372350 
31.126377 25.920460 39.567566 -3.732367 0.073958 -4.937494 
32.407402 25.249273 38.969475 -2.522411 -1.938716 -5.358714 
30.924259 26.245836 40.065887 -5.267075 2.995585 -0.639581 
31.726618 27.444550 40.832321 -2.007625 1.457998 1.893523 
31.723217 27.307333 40.925030 -3.858175 2.794303 4.045077 
32.147312 25.265676 39.110836 -3.090231 -1.696192 -5.171325 
31.943918 25.093452 39.298698 -2.959772 -2.139827 -5.092604 
31.460125 25.129812 40.587288 -3.665045 -4.045781 3.097211 
31.222715 25.769142 40.875042 -4.383527 -1.172130 4.239080 
31.485971 27.200251 40.638672 -5.442371 2.245202 2.154963 
31.544998 27.396000 40.596031 -2.647280 1.170381 1.153419 
31.531893 25.874491 41.178730 -4.110871 -1.129013 4.588848 
31.485691 26.128752 41.165981 -4.430176 -0.055294 4.435298 
31.446413 24.925201 39.804928 -4.003143 -4.103806 -2.025062 
31.653355 24.810104 39.703594 -3.489825 -4.250232 -2.808619 
31.334145 26.740002 39.788857 -5.564214 2.193996 -1.821166 
33.198750 24.768133 39.708828 3.961696 -4.667062 -1.171036 
31.394272 26.238667 39.439587 -3.327400 0.986710 -5.183450 
31.641441 26.232977 39.304295 -3.013720 0.174796 -5.505412 
33.073975 25.459799 38.868710 2.181561 -0.499330 -5.744177 
31.672560 25.276720 40.955780 -3.626779 -3.409836 3.830830 
31.074165 26.357735 39.813915 -4.788969 3.032475 -2.411153 
31.201080 26.588219 39.917526 -5.112576 3.231812 -1.602821 
31.279507 26.482384 39.624374 -4.531237 2.266650 -3.545204 
32.252296 24.455151 40.011173 -0.808378 -6.072094 -0.395467 
31.170830 26.191801 39.578072 -3.871349 1.646656 -4.489674 
31.496490 25.292536 40.808624 -3.500682 -3.649246 3.720257 
32.070587 25.626305 39.077362 -3.238435 -0.699264 -5.317515 
32.550159 26.278954 41.866852 -0.002681 0.284241 6.038955 
33.056705 24.740852 40.652363 2.873361 -5.095899 2.061764 
33.463905 25.332378 40.956272 4.789376 -2.365565 3.101699 
32.885788 24.543217 40.018856 2.321966 -5.782689 0.096504 
33.121746 24.667875 39.983387 3.496893 -5.140264 -0.195976 
33.014313 24.615507 40.218285 2.877577 -5.497013 0.602814 
31.181261 26.623697 40.179165 -5.402400 3.171949 -0.301348 
32.499062 24.458054 39.932457 0.295799 -6.184808 -0.520197 
32.675892 24.481112 40.048126 1.301807 -6.101341 0.186727 
32.718742 24.496138 39.843319 1.398781 -6.016517 -0.673295 
32.635643 24.531414 40.458073 1.063155 -5.953045 1.519082 
31.371702 27.029633 40.484928 -5.757669 2.205403 1.051318 
32.305714 25.499208 38.960724 -3.003384 -1.085991 -5.395306 
32.556347 26.591658 41.822155 0.052732 1.165363 6.000342 
31.650402 26.035282 41.318806 -4.350383 -0.652172 4.471970 
31.805387 25.688110 39.235779 -3.089932 -0.648507 -5.427314 
32.534626 24.493046 39.723755 0.141189 -6.039334 -1.454812 
32.315254 24.499638 39.758476 -0.844389 -5.952252 -1.640988 
31.491707 26.001596 39.371460 -2.748350 0.016689 -5.639980 
31.504961 26.661898 41.079411 -4.698165 1.799280 3.730369 
32.568211 24.797400 41.045624 0.399574 -5.052396 3.571928 
31.729757 25.970823 39.256477 -2.892246 -0.146292 -5.572711 
31.561987 25.747618 39.356422 -2.728401 -0.664320 -5.616710 
32.509113 24.585279 40.670773 0.445409 -5.754053 2.362808 
32.422264 24.563507 39.530926 -0.640830 -5.488794 -2.731004 
33.607513 25.952951 40.884819 5.509621 -0.399242 2.971834 
32.720505 24.550087 39.565838 1.063423 -5.583445 -2.133655 
31.942930 24.561537 40.297890 -2.595487 -5.464042 1.218002 
32.272476 25.724678 38.948196 -3.076730 -0.316163 -5.447712 
32.944206 25.224304 38.881367 1.008364 -2.230650 -5.562258 
32.184719 24.974611 39.223389 -2.629692 -2.783356 -4.962495 
32.329052 25.072765 39.082939 -2.527998 -2.660161 -5.013776 
33.415154 25.509039 41.111671 4.761142 -1.519986 3.721632 
33.284824 25.276146 41.138718 3.944369 -2.797475 3.850417 
32.957478 24.584581 39.776356 2.701688 -5.474924 -0.865845 
32.858959 24.703203 39.344841 1.558770 -5.034372 -3.146457 
32.059433 24.541027 39.807472 -1.829934 -5.697013 -1.635621 
32.153114 24.611416 39.556587 -1.764807 -5.102174 -2.951551 
32.859047 24.915161 41.108231 1.968320 -4.552431 3.713824 
31.706038 25.070969 40.789486 -3.784791 -3.655178 3.428508 
31.429768 26.980728 40.745384 -5.249874 2.397692 2.396628 
33.551807 26.714815 41.109631 3.678571 -1.620449 4.778982 
33.326488 26.597992 41.277824 4.374367 -0.367827 4.447771 
33.657341 25.597914 40.715263 5.818875 -0.962762 1.901796 
31.298359 26.031912 39.467087 -3.103031 0.416806 -5.404732 
33.738464 26.805393 41.032021 2.988926 -2.643482 4.841226 
31.892303 24.692745 39.611908 -2.690921 -4.551312 -3.067985 
32.988007 24.657515 39.557411 2.837580 -5.141832 -1.893525 
33.697575 26.565819 40.919052 4.094997 -2.138498 4.172459 
32.268829 25.845617 41.744701 -2.457099 -1.596559 5.479966 
33.683907 27.059816 41.174473 1.271620 -0.978165 2.646144 
33.283932 26.091578 39.050251 4.363669 -0.197835 -4.501114 
33.390911 26.049601 39.169567 4.970978 -0.141721 -3.822343 
32.055450 25.788387 41.602608 -3.388174 -1.769948 4.919300 
31.910982 26.233671 39.165352 -2.972179 -0.149160 -5.524093 
31.990173 24.521278 40.074417 -2.151700 -5.794531 -0.135900 
33.163456 26.714725 41.451782 4.369718 0.097399 4.503267 
33.621983 26.240211 40.901493 5.140966 -0.856260 3.477711 
32.307442 25.617908 41.679676 -1.926333 -2.489299 5.272196 
32.151073 27.024662 41.473049 -3.157248 3.205381 4.370232 
32.771652 24.522312 40.234638 1.730847 -5.950708 0.792701 
32.899647 24.599623 40.443489 2.235949 -5.632429 1.373030 
31.329481 25.815067 39.452248 -2.867396 -0.522014 -5.523118 
32.317749 26.439878 41.800476 -1.919866 0.759261 5.853740 
31.582220 27.152277 40.872669 -4.659040 2.456876 3.331870 
31.784113 27.153643 41.083084 -3.733836 2.876288 4.127421 
31.802046 24.625746 39.876804 -2.949480 -5.196992 -1.272032 
32.614964 24.673906 40.831970 0.800805 -5.451247 2.934754 
32.384010 24.677134 40.857716 -0.416261 -5.302464 3.222141 
32.400341 26.245462 38.898300 -2.661380 -0.105241 -5.683776 
32.021072 24.824173 39.392452 -2.579727 -3.447114 -4.432262 
31.932291 26.363663 41.597771 -3.758781 0.430374 4.938816 
32.121582 26.283995 41.723461 -3.014029 0.132331 5.456356 
33.553879 25.893965 39.478008 5.855516 -0.362417 -2.215470 
31.554489 26.929018 40.989597 -4.597021 2.354667 3.524668 
31.727900 26.848778 41.239487 -4.105735 2.439967 4.026982 
33.106728 24.699951 40.398617 3.247596 -5.228014 1.113411 
31.819103 25.914675 41.459248 -4.011963 -1.328109 4.580970 
31.966623 26.093521 41.615017 -3.635871 -0.663674 5.017248 
31.783497 26.190609 41.468391 -4.263122 -0.240979 4.571694 
31.771879 26.448353 41.445339 -4.260462 0.783884 4.497209 
33.456017 26.881660 41.222874 3.291356 -1.365195 5.124444 
33.015991 26.866028 41.576431 3.628714 0.709094 5.042476 
32.788765 26.452358 41.791859 2.422567 0.723700 5.607776 
33.453651 25.875853 39.252640 5.441374 0.220348 -3.097586 
33.232838 24.759127 40.209290 3.907102 -4.848710 0.417737 
31.078131 26.453918 40.050388 -5.096042 3.557877 -0.742977 
33.610416 25.740490 40.849720 5.634086 -0.489561 2.715953 
33.583256 25.403677 40.784229 5.426185 -1.955249 2.252841 
32.172367 26.040596 41.735191 -2.974190 -0.792432 5.433270 
32.972141 26.107471 38.847595 1.977267 -0.155535 -5.930208 
33.518700 25.658726 39.364738 5.838881 0.006809 -2.213795 
33.195263 26.272928 38.946491 1.871118 -0.169545 -2.632496 
33.172215 25.267607 38.940933 2.833836 -1.761384 -4.982495 
32.300064 26.214336 41.806950 -2.163500 0.033001 5.844979 
32.833843 24.753641 40.882668 1.831184 -5.143830 2.974263 
31.600718 27.306288 40.780823 -4.772424 2.590925 3.053494 
33.313541 26.870659 41.325356 3.801604 -0.742358 4.921098 
33.554493 25.554810 40.916626 5.358319 -1.102781 3.011225 
31.691864 25.812370 41.302296 -4.064904 -1.627676 4.488779 
32.370659 27.192362 41.490086 -2.731078 3.178538 4.669821 
32.764027 24.625237 40.664669 1.583815 -5.587451 2.223791 
31.795145 26.665062 41.398582 -4.094935 1.870850 4.352569 
31.967215 27.068590 41.295109 -3.430202 3.136639 4.220423 
31.941328 26.842236 41.438278 -3.641910 2.648618 4.340371 
33.053715 27.117025 41.518192 2.969532 0.689767 5.468770 
31.976490 25.936869 39.120361 -3.116318 -0.028022 -5.450784 
