38.531300 25.915195 -43.869545 1.185806 -5.722761 -2.094827 
38.784866 25.952551 -43.703053 2.504415 -5.598102 -0.945291 
38.551369 25.848873 -43.605183 1.583512 -5.902296 -0.731169 
38.730785 26.688448 -42.239872 3.705111 -2.741731 4.183260 
38.555401 26.796303 -42.042629 3.112648 -2.319301 4.845306 
38.491936 26.542833 -42.160595 3.000092 -3.234172 4.421698 
38.700588 27.156097 -44.656281 2.802074 0.703237 -5.534536 
38.476246 27.353113 -44.731068 2.847471 1.191973 -5.454909 
38.685390 27.524982 -44.568661 2.926013 1.888410 -5.206861 
38.705631 27.804583 -44.424938 2.980812 2.714090 -4.804176 
38.929932 27.632246 -44.380959 3.296462 2.379775 -4.722618 
38.806019 26.045563 -44.014042 2.169321 -5.181631 -2.381212 
36.477833 26.511034 -43.884708 -5.083893 -3.576576 -0.749383 
36.333538 26.697205 -43.713196 -5.271648 -3.332740 -0.686196 
36.352486 26.744484 -43.985764 -5.338140 -3.044361 -1.244722 
36.453449 26.506067 -43.581676 -4.948660 -3.839758 -0.314925 
38.796597 28.510265 -43.208862 5.520597 2.892154 -0.593300 
38.666981 28.769485 -43.251095 5.583981 1.246254 -2.149437 
38.755619 28.691799 -43.003563 5.746095 0.183743 -1.710475 
38.944439 26.169035 -43.072430 3.859556 -4.370077 2.211455 
39.017502 26.367697 -42.872330 4.225475 -3.652047 2.778316 
38.792439 26.177383 -42.839417 3.571585 -4.339753 2.751591 
36.192863 28.802174 -42.924713 -3.114765 -0.099219 -0.334468 
36.238575 28.926674 -43.172527 -3.100998 0.390285 -0.332788 
36.211739 28.658466 -43.140419 -6.142996 0.928702 0.259731 
38.854538 26.384775 -42.640079 3.862020 -3.666190 3.277789 
36.612762 26.322594 -43.684196 -4.554075 -4.293780 -0.172352 
36.219368 28.313103 -44.604313 -4.673540 1.556271 -3.686671 
36.148457 28.091351 -44.555836 -5.058518 0.289701 -3.590230 
36.097435 28.312120 -44.407948 -5.317427 1.716836 -2.622843 
36.296951 26.954544 -42.701313 -5.529653 -1.732920 2.312045 
36.318615 26.754898 -42.882996 -5.451254 -2.747311 1.306263 
36.414848 26.708397 -42.633511 -5.246419 -2.436439 2.218734 
39.476364 26.786764 -43.492115 5.999671 -1.281276 0.826571 
39.490757 27.072119 -43.433750 6.153684 0.239294 0.772255 
39.439548 26.865934 -43.234196 5.845371 -1.059402 1.683286 
39.040482 26.095016 -43.734276 3.552992 -4.945034 -0.739936 
36.558075 26.465214 -42.607304 -5.082602 -2.985927 1.929244 
36.575058 26.682537 -42.379169 -4.655617 -2.068669 3.543423 
36.851212 26.140930 -44.038841 -3.236078 -5.093938 -1.183200 
37.010994 26.033525 -43.838734 -2.442936 -5.688944 -0.546570 
36.792099 26.155396 -43.774773 -3.703038 -4.991259 -0.178311 
38.215057 27.318975 -41.760979 2.272691 -1.159310 5.729464 
38.409752 27.165567 -41.862129 2.644047 -0.870493 5.589827 
38.433834 27.438454 -41.848557 3.309266 -0.464741 5.287743 
39.074154 26.612738 -42.696072 4.607930 -2.804310 3.152691 
38.894508 26.611811 -42.463287 4.072813 -3.021402 3.644112 
37.423241 25.900850 -43.626068 -1.169896 -6.110812 -0.762135 
37.146091 25.971182 -43.622234 -2.140159 -5.861253 -0.251971 
37.283073 25.956758 -43.866863 -1.223233 -6.031637 -1.021824 
36.437218 26.933144 -42.443016 -5.022030 -1.501170 3.349405 
36.638130 26.931379 -42.210030 -4.209329 -1.443737 4.381433 
38.697899 28.255821 -42.103806 5.671988 -1.663992 1.856184 
38.782234 28.437548 -42.016312 2.458407 -1.775523 0.664741 
38.627293 28.342545 -41.835266 2.404985 -1.284590 1.468868 
39.366074 26.585365 -43.306755 5.415607 -2.557583 1.635365 
37.520405 27.226038 -41.682152 -0.718576 -2.438335 5.734341 
37.340752 27.410892 -41.635338 -1.728501 -2.291894 5.547630 
37.292336 27.192736 -41.743389 -1.787953 -2.191302 5.590008 
36.332355 27.044096 -44.352322 -5.160704 -2.405551 -2.610750 
36.181553 27.202650 -44.172409 -5.382954 -2.444427 -2.093006 
36.248096 27.312668 -44.419422 -5.103014 -2.167613 -2.912818 
38.029755 27.759468 -41.565353 2.378207 -1.524084 5.591045 
37.828259 27.608164 -41.538338 1.335621 -1.807247 5.816056 
38.017551 27.463324 -41.648106 2.023193 -1.691683 5.689124 
36.005295 27.653503 -43.264194 -6.075341 -0.168432 1.446144 
36.092918 27.488178 -42.977127 -5.893079 -0.384911 1.998875 
36.084663 27.827137 -43.026127 -5.898181 0.444462 2.068048 
38.951202 27.333858 -44.478580 3.278546 1.425034 -5.120585 
36.526447 27.632782 -44.880608 -3.390124 -1.008145 -5.053532 
36.267006 27.813679 -44.689205 -4.544875 -0.756699 -4.112677 
36.511742 27.952190 -44.908691 -3.136664 -0.037955 -5.277650 
36.598633 27.317802 -44.842911 -3.531242 -1.578151 -4.845049 
36.712040 26.986315 -44.803486 -3.456131 -2.116829 -4.655750 
36.442039 27.155499 -44.614178 -4.576336 -2.118088 -3.668709 
36.747997 26.673176 -44.651894 -3.623911 -2.908732 -4.075662 
36.830620 26.401604 -44.497696 -3.281762 -3.777281 -3.555344 
36.579132 26.575531 -44.354095 -4.604733 -3.156000 -2.710445 
36.419304 26.538723 -43.324406 -4.973928 -3.818632 -0.002126 
36.585999 26.346073 -43.397884 -4.495051 -4.370124 -0.042137 
36.528046 26.409639 -43.118599 -4.732398 -4.105626 0.115241 
36.368328 26.618950 -43.090088 -5.186079 -3.478289 0.446876 
36.761600 28.080023 -44.998741 -1.605367 0.648440 -5.961414 
36.764370 27.800037 -45.006657 -1.854988 -0.243422 -5.927515 
36.028122 27.364922 -43.290779 -6.047221 -1.105911 1.053128 
36.107994 27.173220 -43.099312 -5.897397 -1.521646 1.319842 
36.497200 27.175694 -42.291595 -4.757710 -0.999513 3.934711 
36.698936 27.181759 -42.087006 -4.013189 -1.267852 4.639753 
36.186665 27.737577 -42.757919 -5.754836 0.211832 2.489650 
38.946476 26.033411 -43.502377 3.409522 -5.164071 0.504694 
36.805038 27.505985 -44.990879 -2.123222 -0.830443 -5.793950 
39.433502 27.153723 -43.171913 5.960108 0.381275 1.693297 
39.360989 26.945826 -42.995655 5.684592 -0.801039 2.410056 
38.647606 26.411730 -42.400135 3.455854 -3.616972 3.767683 
36.871021 26.984159 -42.016079 -3.288819 -1.549870 5.102273 
36.904694 27.242868 -41.916206 -3.313170 -1.608625 5.075488 
38.763008 28.159994 -42.346504 5.884412 0.431734 1.930509 
38.805454 28.321482 -42.594238 5.979324 0.444813 0.939330 
38.777256 28.385319 -42.292198 5.505965 -2.448366 0.597400 
36.380836 28.217613 -42.199585 -5.445150 -2.342109 1.936567 
36.391117 28.341484 -41.983109 -2.494676 -1.490771 1.137513 
36.244270 28.435907 -42.183224 -2.544781 -1.488480 0.453103 
37.586487 27.494152 -41.549160 -0.265320 -2.195833 5.779397 
37.400246 27.691833 -41.509201 -1.243906 -2.064001 5.748756 
37.155159 27.589304 -41.643421 -2.593559 -2.166025 5.279524 
36.881069 27.222570 -44.969982 -2.227977 -1.313338 -5.647110 
36.983978 27.003887 -44.946892 -2.043893 -1.777340 -5.613755 
37.212551 25.839632 -42.413681 -2.165573 -5.119859 1.834202 
37.057529 25.900496 -42.687511 -3.039296 -5.330825 -0.215398 
37.285759 25.804010 -42.624039 -1.748915 -5.948780 -0.139556 
36.759525 28.181635 -41.636295 -1.948226 -1.234315 2.121710 
36.913124 27.974636 -41.623306 -3.543635 -2.362364 4.611271 
36.981869 28.120129 -41.497444 -1.514805 -1.210888 2.456081 
36.469654 27.695225 -42.236645 -5.189155 -0.712461 3.452006 
36.311802 27.689791 -42.499088 -5.526883 -0.110938 2.971231 
36.388195 27.434698 -42.387749 -5.200347 -0.514096 3.450722 
36.775997 26.177000 -43.508312 -3.753730 -5.011333 0.065395 
36.577099 27.883366 -42.018456 -4.931187 -1.528229 3.554509 
36.439781 27.979849 -42.212658 -5.506275 -1.144573 2.777514 
38.419010 27.092339 -44.790394 2.501406 0.001092 -5.730328 
36.715580 26.442461 -42.348572 -4.555151 -2.288168 3.536081 
36.701557 26.236639 -42.584148 -4.876303 -3.413334 1.408339 
38.225273 27.601473 -41.704605 2.937879 -1.177219 5.409407 
36.332874 26.663876 -43.481976 -5.200340 -3.495125 -0.260870 
39.376278 27.432678 -43.132851 5.850020 1.472096 1.539267 
39.286972 27.679384 -43.131550 5.636504 2.407488 1.258175 
39.272587 27.541321 -42.898232 5.648956 1.668498 2.032609 
37.090546 27.405949 -45.052368 -1.014159 -0.580000 -6.129824 
39.393688 26.519651 -43.572460 5.490963 -2.766823 0.614116 
38.102795 27.459501 -44.895576 2.483229 1.041152 -5.649284 
37.981358 27.236616 -44.963383 1.859910 -0.060037 -5.955144 
37.845539 27.458565 -44.996326 1.833479 0.540603 -5.939559 
38.444740 28.258682 -41.678528 2.088147 -0.909163 2.144536 
38.609829 28.161325 -41.940899 5.334090 -1.346513 2.982602 
39.444183 27.347944 -43.384594 6.035047 1.379084 0.716292 
39.363750 27.590914 -43.352741 5.769002 2.286471 0.677279 
38.309307 25.796873 -43.487885 0.671224 -6.143438 -0.526963 
38.561699 25.859480 -43.308784 2.153296 -5.755712 0.766188 
37.166786 27.150711 -45.030521 -0.992940 -1.132660 -6.050342 
36.499821 28.670822 -44.658440 -3.266888 3.199057 -4.143674 
36.255344 28.563459 -44.477612 -4.587625 2.864835 -2.987570 
36.426147 28.839952 -44.412804 -3.977708 3.728046 -2.946221 
36.453690 26.532043 -42.863380 -5.149801 -3.417525 0.908215 
36.501003 28.122187 -42.014221 -5.156933 -2.232890 2.764681 
36.553886 28.252474 -41.792828 -2.246796 -1.375069 1.621091 
36.516201 26.861017 -44.518635 -4.613672 -2.531093 -3.333789 
36.207466 26.962910 -42.958996 -5.688974 -2.100303 1.448490 
36.189495 27.202564 -42.811657 -5.728264 -1.079648 2.223541 
36.154892 28.389946 -43.120167 -5.985889 1.267264 1.393204 
36.107582 28.114643 -43.073494 -5.887418 1.033506 1.909515 
36.205948 28.290562 -42.873863 -6.063005 0.545798 1.419019 
36.974739 26.780712 -44.859810 -2.300132 -2.533628 -5.156474 
36.766796 26.177769 -43.172348 -3.917515 -4.871890 -0.298438 
36.016598 27.943409 -43.276783 -6.004659 0.689261 1.630762 
35.955803 27.796452 -43.499615 -6.160887 0.016970 1.025300 
36.323288 27.190212 -42.537449 -5.363672 -0.923017 3.067070 
38.636028 26.167679 -44.280388 1.335822 -4.729930 -3.799055 
38.927914 26.251894 -44.243507 2.532839 -4.323819 -3.552954 
36.052185 27.265812 -43.809120 -5.764312 -2.274304 -0.942155 
36.061104 27.337742 -43.989586 -5.656075 -2.238579 -1.487580 
36.136406 27.129984 -43.928150 -5.526057 -2.615527 -1.380186 
38.147923 27.027721 -44.897732 1.991136 -0.744926 -5.852640 
38.251030 27.271627 -44.859333 2.523130 0.519470 -5.688648 
36.638790 28.501560 -44.840183 -2.218384 2.516602 -5.206199 
36.391041 28.419777 -44.734245 -3.667705 2.139892 -4.427529 
36.214199 28.544598 -42.907101 -6.201521 -0.086682 0.220840 
36.167618 28.679184 -42.678577 -3.027367 -0.647764 -0.288349 
36.623375 26.302427 -42.864727 -4.794569 -3.985229 0.270087 
36.829369 26.083258 -42.831291 -4.051595 -4.693390 -0.404787 
37.037945 27.681160 -45.058895 -0.802054 -0.082513 -6.187191 
36.231632 28.784641 -43.322491 -6.045483 1.504478 0.212809 
38.701912 26.534964 -44.556499 1.953216 -2.643190 -5.257297 
38.983574 26.724606 -44.497383 3.129961 -1.257651 -5.155064 
38.967793 26.464001 -44.402126 2.775214 -2.811536 -4.707741 
38.926785 26.853085 -42.341381 4.363302 -1.943309 4.016930 
37.006207 29.173584 -44.401253 -0.859308 4.998757 -3.602013 
37.238457 29.123470 -44.476833 0.688700 4.665874 -3.999966 
37.057877 29.012177 -44.601879 -0.378384 4.250353 -4.471452 
36.293488 29.052095 -43.421570 -2.977128 1.039893 -0.396840 
36.053558 28.218786 -43.327854 -5.924407 1.412896 1.476648 
36.221428 26.916355 -43.819611 -5.440628 -2.943779 -1.025924 
39.194206 26.897623 -44.361477 4.145491 -0.242089 -4.595313 
39.178795 26.623171 -44.318714 4.087614 -1.735463 -4.271400 
36.415218 29.170031 -43.651051 -2.614978 1.742169 -0.636340 
36.585316 29.278179 -43.857571 -2.072435 2.300175 -1.045598 
36.389858 29.047400 -43.888008 -4.838596 3.790274 -1.241161 
38.629185 26.198700 -42.620708 3.402188 -4.185087 3.189237 
39.324806 27.232712 -42.896244 5.768325 0.417017 2.358849 
36.232986 27.456804 -42.653923 -5.605810 -0.319754 2.764274 
38.001717 28.131620 -41.452202 1.157495 -0.771453 2.836768 
37.752670 28.092550 -41.390179 0.559935 -0.834413 2.996930 
37.856678 27.871321 -41.477066 1.563428 -1.607213 5.858847 
38.748650 26.836414 -44.638042 2.526382 -0.882996 -5.577932 
38.839584 28.414719 -42.922535 5.877858 2.019527 0.405025 
38.814453 28.612886 -42.745644 5.504943 -1.450006 -1.437213 
36.804958 29.195253 -44.272106 -2.160274 4.995912 -3.059800 
36.820251 29.361284 -44.009270 -1.327417 2.569998 -1.516495 
36.977524 29.286383 -44.211273 -1.356532 5.079412 -3.419718 
36.176254 26.934410 -43.214359 -5.646290 -2.604732 0.544957 
37.368912 27.911268 -41.440174 -1.057890 -2.116054 5.801516 
37.491959 28.073191 -41.368652 -0.063506 -1.004748 2.988239 
37.229866 28.081703 -41.403385 -0.880215 -1.121448 2.796901 
38.887241 27.920689 -44.227650 3.517958 3.315797 -3.891284 
39.117920 27.709368 -44.174843 4.187443 2.863432 -3.505979 
36.844315 26.207640 -42.331440 -4.163526 -2.813379 3.370493 
38.435078 29.196890 -43.569702 2.342203 0.413013 -1.959090 
38.329586 29.030355 -43.713799 4.529665 1.592818 -4.002944 
38.208843 29.285551 -43.763538 2.037686 0.761492 -2.237295 
36.856453 26.050720 -42.561359 -4.143329 -4.297564 0.969331 
36.436501 29.019840 -44.125221 -4.213644 4.145958 -1.944934 
36.255520 28.761909 -44.205357 -4.873280 3.403735 -1.834454 
38.977768 27.024197 -44.521881 3.312128 0.314036 -5.239675 
38.170353 25.789577 -43.021820 1.272657 -6.034669 0.809506 
38.269665 25.787874 -43.239422 1.086217 -6.108236 0.294600 
38.433895 25.869038 -43.035786 2.283659 -5.605343 1.481054 
39.181351 27.785082 -42.925392 5.384395 2.616443 1.829038 
39.123596 26.171099 -43.522720 4.260860 -4.473454 0.664986 
38.697594 28.039825 -42.151424 5.604296 0.185444 2.754576 
38.564861 27.934568 -41.936531 4.873248 -0.473052 3.882662 
39.353577 26.772083 -44.172321 4.988603 -0.985977 -3.384270 
37.293911 28.928362 -44.656189 1.086013 3.850469 -4.717970 
39.204075 27.406105 -42.663052 5.429349 0.923309 2.869544 
36.668602 27.621899 -41.997654 -4.461090 -1.289943 4.205827 
35.931236 27.959410 -43.707771 -6.163563 0.561132 0.744861 
35.936909 27.678841 -43.748993 -6.173130 -0.869007 0.236728 
36.631207 28.055952 -41.850632 -4.547598 -2.374230 3.601618 
38.529598 27.761250 -44.550156 2.962354 2.454018 -4.964752 
38.424427 27.612720 -44.678631 2.952861 1.990288 -5.168525 
38.309296 27.896177 -44.619259 3.136467 2.510651 -4.822976 
37.344692 28.409283 -44.931984 1.313197 2.090926 -5.680996 
37.118763 28.603241 -44.880367 0.174752 2.692996 -5.586836 
37.329021 28.699518 -44.799782 1.305417 2.983724 -5.293714 
39.251057 26.292662 -43.676292 4.752004 -3.938712 -0.085349 
38.089432 26.172308 -44.391449 0.569868 -4.893419 -3.868474 
37.851444 26.133722 -44.368668 0.405762 -5.170610 -3.515842 
37.959473 26.275709 -44.527950 0.723762 -4.526317 -4.278906 
37.083839 25.959677 -43.067104 -2.850104 -5.512259 -0.849975 
38.553535 26.015610 -42.819347 3.044533 -4.867471 2.471244 
36.203396 26.873564 -43.508698 -5.477821 -3.007747 -0.294250 
36.087128 27.115887 -43.379044 -5.829079 -2.192397 0.344536 
39.255615 27.812956 -43.364986 5.463318 3.030975 0.394135 
39.247562 26.340872 -43.414421 4.885670 -3.626176 1.313273 
36.996349 26.047010 -43.395264 -3.009098 -5.504016 -0.175383 
37.258270 26.122305 -44.348042 -0.828007 -5.394441 -2.989593 
37.119690 26.039942 -44.097248 -1.601627 -5.714444 -1.699424 
36.958115 26.178768 -44.318668 -2.389279 -4.894383 -2.656351 
37.488789 29.023006 -44.489296 2.308629 4.073311 -4.071859 
38.629444 27.245747 -41.982784 3.692143 -0.265862 5.010236 
38.557919 27.020071 -41.965889 3.189072 -1.237870 5.195000 
36.091747 27.120375 -43.661648 -5.686719 -2.537096 -0.547896 
36.027950 27.279942 -43.505409 -5.991176 -1.781651 0.214017 
35.974613 27.500978 -43.535954 -6.141697 -0.986907 0.508889 
36.017517 27.317545 -43.662239 -5.967207 -1.868285 -0.251190 
37.293793 26.661472 -41.928822 -1.522106 -1.820560 5.799751 
37.461407 26.458664 -41.960587 -0.700840 -2.020989 5.879675 
37.589836 26.715912 -41.860512 -0.460611 -2.045349 5.902534 
39.133308 26.400265 -44.234993 3.734280 -3.253440 -3.464276 
36.645287 29.182966 -44.124012 -3.258121 4.744838 -2.498314 
38.325188 28.143839 -44.455360 3.286404 3.082628 -4.373759 
38.343685 28.302124 -44.317692 3.390985 3.401572 -4.047603 
38.498238 28.161978 -44.311985 3.134368 3.455061 -4.204094 
35.980865 28.040613 -43.487564 -6.067078 0.974582 1.216722 
36.227058 28.464804 -42.696724 -6.132841 -0.973929 -0.006585 
36.178284 28.555279 -42.428185 -2.897765 -1.005896 0.063233 
36.005909 28.280630 -43.635437 -5.958190 1.691408 0.843723 
35.937794 28.125286 -43.934235 -6.070196 1.211998 -0.128596 
38.299091 27.472639 -44.795750 2.840547 1.429574 -5.404666 
38.200069 27.670679 -44.787155 2.928995 1.855321 -5.225259 
39.198437 27.867245 -43.138264 5.406066 2.956339 1.052013 
39.086651 28.003225 -43.004986 5.207579 3.161525 1.426327 
37.309738 25.822945 -42.850040 -1.804444 -5.904323 -0.900551 
37.413021 25.840467 -43.117599 -1.605893 -5.993924 -0.873309 
38.322380 26.673420 -41.985855 2.223707 -2.675787 5.177553 
39.157574 26.260185 -43.995491 3.951644 -4.202800 -1.908619 
38.661922 27.568493 -42.026619 4.361942 0.366067 4.465556 
38.092701 28.200066 -44.599586 3.433701 2.770880 -4.460320 
38.204647 28.325056 -44.413612 3.498225 3.197556 -4.123380 
36.353897 27.463058 -44.664062 -4.540917 -1.690660 -3.923962 
37.424709 26.002838 -44.124294 -0.529759 -5.838093 -2.120004 
37.962463 27.676126 -44.909969 2.561930 1.423343 -5.533773 
36.608814 29.048176 -44.350361 -3.113067 4.465486 -2.910183 
36.261986 28.238819 -42.603313 -6.035540 -0.677841 1.355772 
36.027725 28.423059 -43.933708 -5.801893 2.230765 -0.145650 
35.993805 28.246714 -44.176048 -5.816940 1.542514 -1.357357 
38.694145 28.601469 -43.457306 5.102610 3.275038 -1.590739 
38.562466 28.829212 -43.461895 5.289094 1.876151 -2.632799 
39.038990 27.908552 -42.735634 5.111097 2.723944 2.387479 
37.310886 27.569633 -45.074139 0.080060 0.104488 -6.245996 
37.577076 26.398289 -44.706451 0.248297 -4.146451 -4.665949 
37.693642 26.250191 -44.545017 0.446091 -4.731271 -4.061890 
37.414215 26.249199 -44.557049 -0.260204 -4.779374 -3.980791 
37.308071 26.436319 -44.732998 -0.658522 -3.958997 -4.755775 
36.905121 27.537685 -41.817902 -3.550878 -1.773007 4.850292 
36.996342 27.782438 -41.649693 -3.279332 -2.144710 4.880810 
38.170273 25.912718 -42.582043 2.439755 -5.110933 2.510550 
38.300419 25.883793 -42.805988 2.357782 -5.434824 1.925270 
38.409637 26.044292 -42.608215 3.045146 -4.616032 2.928398 
39.368458 26.477558 -43.847752 5.216957 -3.082923 -0.949173 
37.098415 29.411945 -44.092701 -0.525708 2.533105 -1.958486 
37.776833 26.471912 -41.950294 0.503414 -2.409049 5.746500 
37.000446 25.997120 -42.362667 -3.337531 -4.080395 2.669146 
37.737434 27.013706 -41.751324 0.033016 -2.111907 5.895674 
37.785999 27.322529 -41.631821 0.732272 -2.219640 5.778393 
39.261589 27.544466 -44.095039 4.984174 2.327114 -2.893102 
39.148724 27.463755 -44.289417 4.091988 1.885481 -4.241975 
36.746353 27.393791 -41.990623 -3.997374 -1.325713 4.651328 
39.139751 27.669933 -42.684502 5.170929 2.130092 2.691334 
39.178928 26.557518 -42.915028 4.837713 -2.900912 2.687128 
39.060226 27.286222 -42.418488 4.983650 0.380629 3.710010 
38.956261 27.081766 -42.294720 4.627944 -0.682770 4.091802 
39.080212 26.998270 -42.471706 4.997850 -1.004284 3.582019 
39.124714 28.019354 -43.282238 5.222526 3.427860 0.403882 
38.964005 28.241028 -43.167957 5.265560 3.356249 0.451914 
39.428040 26.672665 -43.974892 5.530148 -1.749061 -1.860784 
39.467510 26.897375 -43.956776 5.871241 -0.246465 -1.796589 
39.478695 26.719358 -43.756233 5.937052 -1.491565 -0.326046 
39.049622 28.639938 -42.406204 1.200458 -2.026263 -0.819011 
38.924778 28.535585 -42.204304 2.025446 -2.286287 -0.212234 
38.869736 28.557659 -42.466309 4.660667 -3.536323 -1.199017 
38.766411 26.990692 -42.125298 3.968438 -1.285968 4.577499 
39.178955 26.395391 -43.127632 4.715164 -3.474815 2.150109 
37.959057 29.361116 -43.932556 1.668886 1.231815 -2.326786 
37.760246 29.184900 -44.141235 2.721756 3.228248 -4.635361 
37.680702 29.405811 -44.041286 1.039687 1.706468 -2.438330 
39.401146 27.519836 -43.584793 5.866472 2.122760 -0.178082 
36.570435 27.411894 -42.156445 -4.641700 -0.902385 4.109893 
37.120075 26.288223 -44.555477 -1.476757 -4.474468 -3.938398 
38.746605 25.922825 -43.480148 2.693192 -5.598039 0.307918 
38.837948 26.008066 -43.284107 3.256841 -5.130090 1.407487 
38.552303 28.688177 -43.651001 4.732259 3.201539 -2.578835 
36.779655 27.859943 -41.801003 -4.129714 -2.018714 4.270472 
39.296776 26.519905 -44.103333 4.832428 -2.693475 -2.715837 
37.295815 27.859932 -45.057533 0.461984 0.650703 -6.188572 
36.152794 27.595537 -44.450779 -5.164693 -1.606951 -3.087748 
39.247074 27.711702 -43.946701 5.055971 2.986912 -1.997109 
39.179787 27.185871 -44.347099 4.128952 0.965705 -4.538627 
37.373631 26.953634 -41.812580 -1.303794 -2.060335 5.767979 
39.084183 27.913862 -43.989998 4.432596 3.597004 -2.440803 
39.064949 27.540403 -42.495544 4.954254 1.508657 3.487958 
39.209225 27.133715 -42.644939 5.409200 -0.282155 3.060759 
36.134010 28.644209 -43.689629 -5.699304 2.549314 0.350327 
36.157318 28.687611 -43.973595 -5.428317 3.016058 -0.593886 
36.073452 27.875940 -44.424263 -5.380281 -0.696633 -3.036513 
37.745323 26.007032 -44.154388 0.030368 -5.711308 -2.549126 
38.092358 26.039089 -44.192501 0.297197 -5.437869 -3.093404 
37.942013 25.930632 -43.959595 -0.131749 -5.862517 -2.229383 
39.508266 26.986927 -43.699177 6.170663 0.044122 -0.245706 
36.960777 28.181517 -45.015263 -0.535343 1.198564 -6.098150 
36.806839 28.328806 -44.957958 -1.260092 1.795830 -5.810845 
37.053463 28.374653 -44.968151 -0.079498 1.952290 -5.924005 
37.927143 25.763502 -43.060509 0.085750 -6.236872 -0.116740 
38.009823 25.786461 -42.815666 1.277261 -5.991418 1.007284 
37.381374 27.319344 -45.068699 0.031833 -0.447763 -6.221709 
38.071003 26.574711 -41.951126 1.391558 -2.669236 5.470434 
37.887661 26.755390 -41.846104 0.532877 -2.185850 5.838938 
37.496799 27.689854 -45.046688 0.920040 0.656136 -6.171337 
36.009563 27.709051 -44.215492 -5.667753 -1.362741 -2.243210 
37.594284 26.248913 -42.031010 0.115702 -2.524813 5.702828 
38.442375 26.022749 -44.119530 0.784055 -5.363937 -3.096952 
38.490929 26.697973 -44.695507 1.853616 -2.089501 -5.579751 
38.235882 25.924404 -43.956757 0.211152 -5.726686 -2.514793 
38.302116 25.841389 -43.732765 0.346510 -5.985368 -1.656836 
38.087608 25.870853 -43.805851 -0.225407 -5.969699 -1.919247 
38.088406 26.434158 -44.648785 1.071764 -3.809816 -4.858559 
37.940643 26.570797 -44.783119 1.146248 -3.310921 -5.180204 
38.211975 26.627262 -44.744991 1.514660 -2.815860 -5.379632 
35.960304 27.978680 -44.197853 -5.859385 0.080808 -1.859370 
37.104694 27.080732 -41.857590 -2.465274 -1.885815 5.440748 
36.885803 28.547247 -44.884392 -0.977447 2.582132 -5.600500 
38.938534 28.153908 -42.827450 5.409736 2.715946 1.633714 
37.993351 27.188473 -41.723824 1.320346 -1.754794 5.871273 
39.328110 27.326044 -44.133396 5.076561 1.563801 -3.126663 
38.947254 27.778215 -42.471523 5.005022 2.063527 3.174273 
38.503536 29.003422 -43.492634 5.164969 0.801883 -3.418832 
38.604996 29.090292 -43.343506 2.610610 0.191537 -1.706311 
36.035130 28.098997 -44.361816 -5.587319 0.536407 -2.655287 
37.270233 25.915907 -43.370548 -2.015163 -5.904608 -0.553691 
36.648884 26.300959 -43.956448 -4.489297 -4.229713 -0.769481 
36.402683 26.793385 -44.245415 -5.184042 -2.735736 -2.157210 
36.555592 28.247896 -44.900013 -2.690621 1.287449 -5.360905 
36.939423 26.068996 -43.627052 -3.020476 -5.491705 0.117061 
38.661221 28.006464 -44.323502 3.028364 3.273841 -4.408500 
38.476555 26.208944 -42.459213 3.223413 -4.028148 3.563854 
38.248413 26.432886 -42.097355 2.340916 -3.238226 4.801521 
35.902824 27.823433 -43.968819 -5.922705 -0.494904 -0.636605 
39.363888 27.047674 -44.172077 5.087430 0.470091 -3.380873 
37.574745 25.884315 -42.272186 0.614874 -4.761490 3.764398 
37.809483 25.910456 -42.309044 1.637507 -4.709081 3.521355 
37.703266 26.062231 -42.141369 0.968041 -3.521415 5.011134 
36.935654 26.423573 -42.150848 -3.329731 -1.918216 4.882600 
36.824905 26.688227 -42.132698 -3.578931 -1.691805 4.801860 
37.467541 26.042381 -42.131493 -0.172279 -3.283362 5.213831 
37.377075 25.888165 -42.258286 -0.734682 -4.558096 3.815915 
39.020245 28.165575 -43.493786 4.952442 3.793170 -0.481397 
38.112720 29.146139 -43.891151 4.012415 1.969379 -4.392457 
37.828720 26.402700 -44.675911 0.815989 -4.099756 -4.668011 
37.721275 26.526163 -44.791828 0.692220 -3.586504 -5.084026 
38.699055 25.998171 -43.053192 3.087395 -5.054723 1.952202 
36.562546 26.455786 -44.114468 -4.917073 -3.547407 -1.487909 
38.066254 28.727037 -44.220432 3.942872 3.068686 -3.808299 
37.877575 28.742344 -44.404186 3.803961 3.084881 -3.927571 
37.904617 28.991167 -44.175793 3.637502 2.973198 -4.156421 
38.849148 27.287720 -42.174232 4.426346 0.222640 4.376735 
39.160503 27.966816 -43.546288 5.155657 3.524959 -0.397279 
36.997791 27.959229 -45.046928 -0.568459 0.457782 -6.196637 
39.326797 27.692379 -43.524216 5.599644 2.790672 -0.011173 
36.709652 26.318943 -44.225712 -4.074852 -4.094067 -2.092145 
38.766994 27.801434 -42.203636 5.108652 1.073813 3.470803 
38.903614 27.545059 -42.290195 4.776887 1.231256 3.855897 
37.887074 25.810415 -42.562405 1.567273 -5.646577 1.877439 
38.004856 26.335539 -42.064156 1.675245 -3.005042 5.227781 
38.897053 28.122276 -43.983772 4.036067 3.933265 -2.665500 
36.133606 28.534718 -43.389233 -5.890138 1.914821 1.001374 
38.544357 26.922520 -44.730545 2.324958 -0.649712 -5.753132 
38.317013 26.852034 -44.801380 2.000993 -1.465025 -5.730637 
36.825203 29.050541 -44.500637 -1.766402 4.514505 -3.844132 
37.115788 27.336357 -41.764313 -2.700607 -1.953708 5.315611 
38.283993 26.103617 -42.410557 2.940131 -4.208988 3.575641 
37.643444 25.785828 -42.484280 0.641818 -5.827993 1.773786 
39.315346 27.690416 -43.718170 5.479041 2.858445 -0.837683 
39.383884 27.476057 -43.872620 5.633588 2.106124 -1.468698 
38.333664 26.156843 -44.334785 0.719260 -4.842735 -3.889454 
37.062160 26.602390 -42.026936 -2.503174 -1.668418 5.490699 
39.473598 27.270350 -43.648239 6.076441 1.302340 -0.238485 
38.047085 27.912792 -44.783146 3.071790 2.140142 -5.027111 
37.482746 25.768259 -42.665287 -0.671438 -6.179734 -0.048621 
37.585796 25.774164 -42.883865 -0.754876 -6.188094 -0.563174 
37.676426 25.760706 -42.677437 0.236584 -6.194503 0.408654 
37.561214 26.109163 -44.360382 -0.014691 -5.358334 -3.195865 
38.709980 28.471544 -43.694149 4.446937 3.902961 -2.055696 
37.754261 26.698555 -44.892147 0.827581 -2.652289 -5.580179 
37.801102 26.972431 -44.980717 1.115103 -1.323730 -5.969927 
38.036198 26.780548 -44.870773 1.500011 -2.127810 -5.648654 
38.144279 26.820484 -41.865005 1.423273 -2.137034 5.703765 
37.806870 26.241425 -42.060204 1.127282 -2.843093 5.452356 
37.933743 26.111048 -42.175228 1.949693 -3.608291 4.655556 
37.718491 27.674826 -45.007370 1.709364 0.963605 -5.919881 
37.563446 28.583328 -44.772392 2.652608 2.608368 -4.966834 
35.988659 27.439871 -43.792240 -5.992693 -1.665427 -0.544286 
37.226105 26.016277 -42.189247 -1.894423 -3.452254 4.581352 
36.746807 28.712183 -44.761127 -1.832832 3.262406 -4.958278 
38.083103 28.977016 -44.014877 4.088786 2.571860 -4.006779 
37.085133 26.823584 -41.951885 -2.414105 -1.720988 5.521172 
38.191856 27.059866 -41.802765 1.703927 -1.454380 5.839040 
36.885353 28.876184 -44.683056 -1.241702 3.811844 -4.766009 
38.058662 25.771355 -43.198669 0.201685 -6.249357 -0.182917 
38.225098 26.297218 -44.503365 0.880325 -4.253978 -4.516934 
37.517574 26.579893 -44.847576 0.117368 -3.333630 -5.267019 
38.885620 28.264557 -43.730583 4.478437 4.037250 -1.656312 
39.053532 28.062468 -43.759148 4.715607 3.840049 -1.408661 
38.855709 28.380114 -43.461308 4.959557 3.732167 -0.845788 
37.069813 26.204914 -42.156715 -2.710166 -2.488431 4.922722 
35.980576 27.566774 -43.994087 -5.860034 -1.746267 -1.227522 
37.854481 25.823092 -43.507980 -0.703914 -6.159139 -1.006634 
37.669834 25.867037 -43.626881 -0.800918 -6.143947 -1.038640 
37.873150 25.863091 -43.737545 -0.497349 -6.069689 -1.480988 
37.716808 28.990479 -44.343616 3.250769 3.596568 -3.974629 
39.168877 26.878639 -42.659920 5.179201 -1.560012 3.141788 
38.374016 26.474928 -44.614033 1.313820 -3.345294 -5.116121 
37.188114 26.428047 -42.030567 -1.917029 -1.865964 5.648215 
37.856327 28.140087 -44.802559 3.028009 2.253756 -4.990131 
37.689697 25.787170 -43.112007 -0.813059 -6.177626 -0.731150 
38.513550 28.554405 -43.877369 4.062457 3.704024 -3.024598 
38.160736 26.205923 -42.219585 2.555723 -3.654830 4.370768 
37.455750 28.108971 -44.991123 1.532318 1.425649 -5.861492 
37.578857 27.879438 -45.004211 1.560011 1.202774 -5.936225 
36.263973 26.967607 -44.089855 -5.397667 -2.680623 -1.736975 
36.185486 28.023594 -42.821228 -5.893019 0.553837 2.092553 
36.090530 27.447792 -44.214363 -5.474661 -2.051369 -2.210730 
36.287151 26.732492 -43.282410 -5.337597 -3.292244 0.142385 
37.619335 25.917345 -43.875378 -0.521418 -6.050418 -1.517478 
38.070850 25.784546 -43.391247 -0.158926 -6.219034 -0.666299 
37.860809 25.787966 -43.277351 -0.587900 -6.203232 -0.742722 
38.371784 26.916578 -41.901154 2.273217 -1.807732 5.504580 
37.460052 27.064222 -45.036434 0.125270 -1.195721 -6.105864 
37.678913 27.253952 -45.038174 1.028934 -0.374780 -6.140447 
37.196907 27.829102 -41.522606 -2.215016 -2.267430 5.400762 
37.993370 26.965122 -41.788200 0.886583 -1.842741 5.923946 
38.230572 28.486460 -44.258583 3.656568 3.343527 -3.860452 
38.272842 28.691469 -44.024200 4.039160 3.193927 -3.584582 
38.464622 28.385811 -44.133854 3.527258 3.732607 -3.606984 
37.060772 27.953798 -41.535755 -2.785544 -2.328612 5.115929 
39.044193 26.783104 -42.516731 4.696616 -2.153719 3.462842 
37.575050 27.490330 -45.053970 0.913747 0.254637 -6.181545 
38.389938 26.312599 -42.284500 3.004135 -3.693080 4.082906 
37.185768 28.150904 -45.023586 0.404738 1.244681 -6.096187 
38.082230 25.819691 -43.615292 -0.301687 -6.133784 -1.245164 
38.376148 28.002651 -41.719963 3.966793 -1.426639 4.644157 
38.415184 27.739235 -41.808640 3.903775 -0.640433 4.862035 
38.702034 28.334904 -43.941597 3.838185 4.076507 -2.795928 
38.692898 28.164194 -44.165600 3.362963 3.783856 -3.665364 
38.051407 25.991737 -42.362576 2.461242 -4.516148 3.497022 
38.883095 28.867702 -42.876328 2.510000 -1.090403 -1.487480 
38.999264 28.753933 -42.639290 1.900909 -1.852072 -1.289803 
38.386200 28.802422 -43.789879 4.481731 2.812714 -3.368195 
38.222279 28.979506 -43.863232 4.319459 2.267889 -3.930319 
37.796814 25.761150 -42.932190 -0.057183 -6.243545 -0.133790 
38.756523 28.981087 -43.113293 2.680904 -0.314657 -1.534709 
36.263290 26.796642 -43.082237 -5.482858 -2.945712 0.713688 
37.534275 27.904821 -41.426800 -0.088399 -1.918616 5.965538 
37.108265 28.814655 -44.753246 0.037712 3.505014 -5.162130 
39.248344 26.773258 -42.850288 5.216186 -1.878746 2.846872 
39.315403 26.678694 -43.061993 5.331766 -2.244992 2.300415 
37.330765 26.229250 -42.060055 -1.150357 -2.320687 5.657844 
36.299709 28.312445 -42.368851 -5.653851 -2.288037 1.193251 
37.420521 25.787354 -42.443848 -0.481255 -5.779957 1.609063 
36.464973 26.610556 -44.122505 -5.168172 -3.164675 -1.567796 
36.650425 28.882967 -44.579567 -2.623898 3.897196 -4.035546 
39.195625 27.867599 -43.764336 5.063693 3.477974 -1.188155 
39.062325 26.168020 -43.314411 4.110657 -4.387185 1.586101 
38.808594 27.957952 -42.348839 5.417751 1.493656 2.785510 
38.880482 28.042252 -42.555527 5.411109 2.055038 2.410769 
37.592449 25.839325 -43.379524 -1.081671 -6.124329 -0.849128 
39.275841 26.990746 -42.805485 5.539093 -0.765243 2.793414 
36.325558 28.142086 -44.754929 -4.135603 0.568778 -4.565069 
37.482204 28.811552 -44.675579 2.334522 3.355753 -4.665251 
37.672749 28.778641 -44.570606 3.345704 3.196726 -4.186999 
37.630108 28.298275 -44.863914 2.601334 2.110899 -5.260620 
37.393215 29.425127 -44.099491 0.424399 2.233921 -2.243114 
37.179111 29.275202 -44.270126 -0.145855 4.943234 -3.847249 
36.286942 28.884346 -44.001347 -4.998688 3.597056 -1.051189 
36.949997 28.716940 -44.804958 -0.758625 3.216672 -5.299534 
37.788963 25.762966 -42.775314 0.413407 -6.212880 0.365764 
36.343307 28.093788 -42.397739 -5.816612 -0.870184 2.151309 
36.365124 27.878250 -42.388073 -5.601141 -0.418351 2.806579 
37.660324 27.772764 -41.466820 0.397140 -1.749545 5.982931 
37.373299 29.213352 -44.318733 1.331607 4.618103 -4.010527 
37.566006 29.202873 -44.237022 2.208232 3.987328 -4.300253 
38.217384 27.900993 -41.627815 3.239842 -1.355888 5.193167 
38.233204 28.189119 -41.552544 1.619857 -0.804472 2.578843 
37.812576 27.891636 -44.920731 2.439231 1.699675 -5.495253 
37.251205 26.660578 -44.884457 -0.930212 -2.945792 -5.343704 
37.220222 26.904751 -44.979584 -0.972481 -1.908427 -5.832913 
37.501617 26.806797 -44.964115 0.156777 -2.208123 -5.804766 
38.507111 27.964453 -44.451031 3.009132 2.960979 -4.646798 
36.274975 27.942430 -42.580296 -5.784109 0.000813 2.444686 
37.023785 26.521822 -44.724327 -2.121208 -3.481964 -4.642858 
36.102928 28.509872 -44.199890 -5.395487 2.640741 -1.538709 
38.755489 26.334602 -44.404018 1.787773 -3.792214 -4.600759 
38.049370 28.491268 -44.425953 3.747264 3.050857 -4.014675 
37.829227 28.466377 -44.645699 3.495415 2.713243 -4.436253 
39.256351 27.811880 -43.586346 5.336538 3.267642 -0.364875 
37.669449 28.061920 -44.921322 2.324615 1.751396 -5.561237 
38.508240 26.315546 -44.462582 1.194706 -3.983184 -4.656226 
36.268532 28.888271 -43.803001 -5.370411 3.214282 -0.427333 
39.459610 27.176994 -43.920658 5.828741 1.037686 -1.625959 
36.210880 28.776329 -43.488911 -5.864593 2.191517 0.382030 
36.266846 28.900106 -43.611145 -5.644276 2.684485 -0.476758 
38.452763 28.914089 -43.610924 5.012174 1.830244 -3.246232 
