43.254211 25.317417 -58.591228 0.088427 -1.123847 6.162010 
43.460026 25.083714 -58.659912 0.605954 -1.795049 5.972910 
43.569378 25.362637 -58.599319 0.531556 -1.313603 6.107093 
44.090511 27.306372 -59.000881 0.361679 4.060236 4.722595 
43.908306 27.470230 -59.156342 -0.204078 4.581663 4.232967 
43.797108 27.263708 -58.972256 -0.497759 3.972369 4.800438 
45.024940 27.676420 -60.867687 3.165972 5.394956 -0.349132 
45.167419 27.561766 -61.145756 3.561079 5.092313 -0.692863 
44.881573 27.728346 -61.128246 2.688851 5.609086 -0.717136 
43.576580 26.897573 -63.277748 1.558146 2.573882 -0.336734 
43.317127 27.046831 -63.250710 1.095214 2.651628 0.107070 
43.478069 26.966478 -63.085377 2.216446 5.709725 -1.063275 
45.208813 26.692974 -62.897614 4.074273 2.740247 -3.608772 
45.245689 26.432489 -62.987053 4.281940 0.864794 -4.152458 
45.020679 26.610050 -63.108902 1.837063 2.031622 -4.933898 
43.413002 27.050795 -62.861629 0.413464 5.910195 -1.921427 
43.240986 27.054171 -63.007469 1.213575 6.119115 0.142412 
43.156578 27.055605 -62.780449 -0.387953 6.169409 -0.668047 
43.038593 27.124212 -63.150120 0.431219 2.644149 0.535166 
43.616920 27.414402 -59.141647 -1.034522 4.430965 4.282133 
43.734558 27.599052 -59.334488 -0.722467 5.035936 3.615486 
43.444263 27.536007 -59.337101 -1.480050 4.839082 3.654810 
43.808147 25.927660 -58.542805 0.460300 -0.254738 6.240768 
44.096230 25.943697 -58.574547 0.909922 -0.455565 6.184108 
43.949100 26.210287 -58.553047 0.468637 0.443810 6.212741 
45.272545 27.510756 -60.840012 3.906419 4.880444 -0.191315 
45.006618 27.677696 -60.364128 3.265363 5.309653 0.635100 
45.205853 27.542435 -60.364395 3.789049 4.936407 0.674658 
45.140759 27.609123 -60.597038 3.577504 5.133336 0.158858 
42.402107 27.407652 -60.672607 -3.577686 5.146696 0.113396 
42.177273 27.239096 -60.650970 -3.838757 4.952341 0.329991 
42.320393 27.325121 -60.413845 -3.770004 4.949377 0.772102 
46.095768 26.146749 -60.623974 6.152837 0.784400 0.541426 
46.039433 26.399467 -60.630009 5.921361 1.875598 0.522531 
46.037163 26.268753 -60.384312 5.941946 1.330047 1.323914 
44.271378 26.672571 -63.092716 0.924574 3.667592 -4.930068 
44.335564 26.403906 -63.307590 1.112682 1.678426 -2.387432 
44.070831 26.559494 -63.282841 0.981249 2.162747 -2.057935 
45.192467 27.485655 -61.450584 3.769612 4.879012 -1.102233 
45.029858 27.562704 -61.607845 3.247917 5.191174 -1.303033 
44.975269 27.641552 -61.386532 2.967796 5.424745 -0.970802 
44.345737 27.930027 -60.140240 1.273190 5.976053 1.256432 
44.164272 27.901470 -59.930042 0.596890 5.911730 1.914037 
44.439686 27.840580 -59.900814 1.552290 5.726267 1.948897 
41.955589 27.063433 -60.656364 -4.023811 4.785605 0.449498 
42.098068 27.143076 -60.408272 -3.965642 4.784859 0.890965 
43.161663 27.446405 -59.366566 -2.240437 4.554651 3.640292 
43.329861 27.335302 -59.158665 -1.809254 4.225243 4.241344 
43.000839 27.521137 -59.590275 -2.682380 4.851581 2.822623 
43.282612 27.629080 -59.559498 -1.867974 5.209325 2.862697 
43.125538 27.684757 -59.824345 -2.306545 5.461038 1.955962 
43.432598 27.765825 -59.764660 -1.527775 5.643618 2.229619 
45.333828 27.406166 -60.199478 4.178330 4.506661 1.115136 
45.436893 27.225760 -59.980839 4.531717 3.910032 1.778570 
45.536175 27.211712 -60.278339 4.766287 3.918561 0.930931 
43.575497 27.695644 -59.538040 -1.125197 5.417284 2.911508 
45.230797 27.405382 -59.919140 3.939413 4.499222 1.823006 
44.893772 27.759798 -60.614460 2.891989 5.545670 0.028322 
43.981861 27.084562 -58.832195 0.087551 3.346352 5.268002 
44.272736 27.109800 -58.875370 0.954999 3.381470 5.146918 
45.088379 27.065699 -59.259922 3.661023 3.236613 3.879622 
45.023510 26.864979 -59.062332 3.427406 2.484339 4.542899 
45.212769 26.860987 -59.235703 4.110446 2.515875 3.984630 
45.037754 26.310017 -63.139851 2.392018 0.291630 -5.563372 
43.118481 25.011353 -58.658566 0.194932 -1.660067 6.039514 
43.370018 24.794434 -58.750717 0.732384 -2.334775 5.765902 
45.384380 27.408157 -60.530643 4.306399 4.521011 0.345102 
44.197392 27.498795 -59.205402 0.743890 4.699924 4.026550 
42.907143 27.335997 -59.418819 -2.898180 4.320084 3.485662 
41.052952 24.414829 -59.616531 -2.123264 -0.520514 2.207544 
41.250660 24.171680 -59.525364 -1.762962 -0.914302 2.391931 
41.298138 24.378693 -59.418282 -3.772701 -1.609349 4.747720 
44.015923 27.636143 -59.362907 0.163031 5.138668 3.531966 
44.967411 26.847305 -62.949654 1.985902 3.637684 -4.505173 
45.156315 26.912432 -62.739609 3.748333 3.673708 -3.223056 
43.056076 27.237612 -59.205402 -2.477976 4.037232 4.095606 
41.862728 26.934908 -60.371178 -4.186717 4.540220 1.073232 
45.612705 27.160349 -60.593399 4.932223 3.833778 0.305610 
43.758881 25.152666 -58.679756 1.009620 -1.922870 5.879578 
45.381470 26.291502 -62.808113 5.204128 0.478594 -3.393424 
45.232262 26.167114 -62.992420 4.271739 -0.154362 -4.525342 
44.842327 27.091780 -59.092079 2.820356 3.355210 4.451604 
44.620827 26.578991 -58.739998 2.080860 1.510428 5.674707 
44.300468 26.645525 -58.672218 1.161008 1.667921 5.907499 
44.390858 26.383619 -58.637150 1.385716 0.870589 6.036508 
45.266594 25.268545 -59.302906 3.702791 -2.696880 4.249244 
45.495293 25.351957 -59.471840 4.342430 -2.418919 3.744519 
45.385021 25.523104 -59.272861 4.034768 -1.762260 4.409411 
41.155155 25.329380 -59.497334 -4.706641 1.283645 3.889701 
41.171944 25.077576 -59.429108 -4.610964 0.449010 4.205894 
41.326008 25.259121 -59.301395 -4.263541 0.902882 4.492721 
42.065712 27.155802 -60.848171 -3.859779 4.953292 -0.051212 
41.859722 26.992237 -60.963768 -3.997099 4.827985 -0.127330 
45.483604 27.313025 -60.838512 4.562543 4.286955 -0.146030 
43.863441 25.409994 -58.624012 0.926354 -1.451400 6.028820 
43.982262 25.675341 -58.588741 0.919992 -0.959933 6.125464 
43.686516 25.640638 -58.559383 0.493428 -0.833069 6.191254 
46.065754 26.021061 -60.367268 6.062938 0.196094 1.389763 
46.057343 25.697357 -61.338627 6.106901 -0.709865 -1.095404 
46.100880 25.855722 -61.111851 6.209707 -0.217413 -0.605096 
46.070210 25.585676 -61.089973 6.083718 -1.316260 -0.384820 
41.174225 25.587481 -59.599415 -4.781681 2.082461 3.469325 
41.227352 25.842081 -59.710880 -4.740171 2.794653 2.982732 
41.048508 25.647532 -59.833839 -4.986987 2.430384 2.896506 
44.657013 27.305639 -59.167423 2.207770 4.067592 4.196434 
44.565449 27.109812 -58.957359 1.934912 3.385645 4.844913 
43.508366 27.197203 -58.971653 -1.298503 3.837163 4.758562 
44.615562 27.845486 -60.123589 2.235560 5.696420 1.193632 
41.714752 26.852703 -60.693451 -4.272650 4.559945 0.513892 
43.695847 27.031366 -58.814354 -0.682303 3.267524 5.270691 
41.194801 26.349106 -61.372402 -2.274731 2.152509 -0.034821 
41.063843 26.196037 -61.161480 -2.402111 2.010262 0.097048 
41.237659 26.390633 -60.990589 -4.678451 4.173612 0.303816 
44.224930 26.182467 -58.586082 1.047624 0.213696 6.160157 
41.247101 24.592924 -59.398495 -4.114414 -1.115812 4.603497 
44.380394 27.319321 -59.064205 1.320264 4.113794 4.494733 
41.450024 26.597950 -60.757179 -4.514101 4.313646 0.590369 
41.610767 26.702806 -60.436699 -4.434709 4.303223 1.078350 
44.760567 27.811817 -60.364697 2.672291 5.641926 0.508842 
44.499580 27.919310 -60.360577 1.942840 5.917676 0.496334 
41.594025 26.756128 -60.990978 -4.287067 4.581503 0.068864 
45.492146 27.018488 -59.761475 4.740832 3.215293 2.510234 
45.619156 27.014591 -60.042072 5.043471 3.269121 1.659834 
45.713116 26.973324 -60.340359 5.276146 3.242376 0.886458 
44.719830 27.757624 -61.365150 2.067451 5.823100 -1.040115 
44.612209 27.834778 -61.123703 1.851809 5.910155 -0.923940 
44.751442 27.812338 -60.872490 2.423214 5.759498 -0.485406 
44.011341 23.138613 -60.292522 2.030260 -1.129882 2.076690 
44.019196 23.338871 -60.191898 3.888098 -2.770924 4.051840 
43.773373 23.081429 -60.100090 1.676636 -1.112252 2.257254 
43.689205 26.940571 -62.986168 1.283950 5.170796 -3.219592 
44.753819 26.866087 -58.896950 2.523609 2.450319 5.116381 
40.949780 26.031223 -60.950573 -2.499552 1.869758 0.277944 
41.112335 26.237040 -60.897102 -4.840662 3.958383 0.502163 
44.724232 27.466703 -59.388634 2.403923 4.604356 3.469060 
44.475536 27.489014 -59.280224 1.606258 4.673991 3.817494 
41.083443 24.681265 -59.539410 -4.561176 -0.586868 4.262284 
43.882515 27.913565 -59.951015 -0.356764 5.928675 1.930732 
43.720039 27.815929 -59.747585 -0.835249 5.735635 2.385298 
43.994946 27.832361 -59.729610 -0.013624 5.752576 2.456852 
44.855762 25.252361 -59.024715 2.875710 -2.581717 4.933121 
44.571159 25.304098 -58.851707 2.317110 -2.317220 5.327347 
44.641525 25.038336 -59.026203 2.610895 -2.924347 4.890079 
45.916412 25.216639 -61.301178 5.614353 -2.686600 -0.718783 
45.870995 25.093338 -61.074455 5.480468 -3.035151 -0.211089 
45.790081 24.988855 -61.322544 5.400869 -3.131240 -0.626195 
44.685932 24.813347 -59.205498 2.831916 -3.355632 4.481485 
44.430943 24.820465 -59.055370 2.409984 -3.153120 4.855325 
41.385807 26.555231 -61.068783 -4.485039 4.384906 0.074615 
41.397198 26.476755 -60.456596 -4.601498 4.113756 1.135483 
41.538609 26.548018 -60.197952 -4.501093 4.066057 1.606317 
43.511715 25.891975 -58.531521 -0.021519 -0.072988 6.255564 
44.122894 26.441578 -58.600075 0.722937 1.076068 6.121849 
41.734249 26.744064 -60.163486 -4.342145 4.229289 1.613728 
44.916142 27.055576 -62.774456 2.224811 4.237349 -3.924479 
41.248348 26.363792 -60.703579 -4.699864 4.089840 0.777067 
44.439575 27.921249 -60.883518 1.570337 6.002615 -0.754678 
45.110977 25.456606 -59.085922 3.384986 -2.027326 4.845805 
45.277882 25.734076 -59.120178 3.839646 -1.166331 4.799036 
45.037922 25.755306 -58.941509 3.348225 -1.242849 5.136534 
45.530807 27.233892 -61.108521 4.699364 4.092132 -0.660746 
45.665562 27.092104 -60.898537 5.019204 3.739504 -0.216257 
45.998611 26.529135 -60.877178 5.771619 2.347405 -0.234312 
45.899174 26.727053 -60.850140 5.496293 3.010911 -0.099762 
45.940838 26.636467 -60.631344 5.584214 2.756230 0.546511 
44.830704 25.524487 -58.886456 2.798496 -1.872108 5.261229 
44.085987 27.743612 -59.550014 0.383666 5.498194 2.958460 
44.302555 27.657213 -59.452995 1.065747 5.213207 3.284439 
41.325829 25.521872 -59.381496 -4.414345 1.681423 4.109308 
43.027771 27.066168 -62.932846 0.265319 6.167193 1.070878 
42.794422 27.082235 -62.967098 -0.125213 2.882343 0.725914 
45.797188 26.892525 -60.668407 5.324964 3.287624 0.332641 
45.806206 26.878609 -60.986187 5.317016 3.280553 -0.403155 
44.621334 27.879990 -60.613186 2.235159 5.849003 -0.122494 
42.903709 27.039465 -62.761459 -0.801765 6.156218 0.626469 
42.592510 26.992100 -62.767883 -0.547539 3.065756 0.592180 
45.090023 27.103212 -62.556278 3.544774 4.239844 -2.875215 
44.069099 28.006247 -60.491764 0.236780 6.229849 0.130135 
44.128601 27.990938 -60.781532 0.466472 6.177235 -0.650230 
43.802597 27.991362 -60.681221 -0.649017 6.195349 -0.409709 
43.854862 27.734608 -59.535877 -0.433094 5.505676 2.933613 
44.705421 27.734386 -59.871738 2.490112 5.377617 1.955444 
44.875957 27.716106 -60.111187 3.024601 5.326795 1.220238 
42.950718 27.008862 -59.062054 -2.613986 3.545005 4.438777 
43.142567 26.863728 -58.866051 -2.070844 3.101484 5.024248 
43.227966 27.108574 -59.002689 -2.002374 3.685925 4.646786 
43.810413 24.512926 -58.997437 1.704625 -3.238356 5.096949 
43.597763 24.626432 -58.869980 1.240884 -2.859225 5.438112 
43.568081 24.366091 -59.014683 1.424273 -3.298030 5.137183 
44.780483 25.812544 -58.782265 2.614654 -1.117849 5.562848 
45.531059 27.072025 -61.662567 4.854618 3.644661 -1.552041 
45.654030 26.822496 -61.788857 5.201113 2.965706 -1.834929 
45.479404 27.003038 -61.944836 4.883899 3.441663 -1.897117 
43.591927 27.122934 -62.719410 -0.551948 5.226324 -3.392326 
45.577568 26.753935 -62.076267 5.223447 2.705191 -2.170174 
44.746136 27.602558 -59.622570 2.570398 5.040626 2.655806 
44.978931 27.565458 -59.835365 3.271529 4.936111 1.988190 
44.343498 27.971811 -60.579357 1.358433 6.079936 -0.132400 
45.378513 26.720810 -59.334705 4.496438 2.137021 3.774776 
45.323143 26.997986 -59.466301 4.367943 3.031821 3.263378 
44.945263 26.607899 -58.905567 3.195765 1.552206 5.111633 
43.669617 24.892134 -58.760151 1.131289 -2.376851 5.688499 
45.348263 27.223915 -61.823448 4.462908 4.068674 -1.680556 
44.158035 26.881739 -58.734032 0.669135 2.556671 5.651322 
44.710991 26.949654 -62.934944 0.634368 3.579609 -4.996223 
44.450123 26.875875 -58.786316 1.552943 2.461524 5.496062 
45.185421 24.349665 -60.390102 4.276973 -4.273700 1.695354 
45.130543 24.419086 -60.104160 3.989209 -4.316695 2.180805 
44.980347 24.234989 -60.207706 3.972615 -4.330614 2.210636 
42.554409 27.495382 -60.436008 -3.473605 5.185622 0.590836 
42.499950 27.402779 -60.142174 -3.661935 4.925630 1.278825 
42.727547 27.578869 -60.229248 -3.255203 5.275385 0.909794 
42.710827 27.519106 -60.013584 -3.369452 5.072860 1.469917 
44.568691 25.610489 -58.743946 2.100076 -1.543139 5.687392 
40.726444 25.444016 -60.309170 -2.672148 1.220028 1.028576 
40.838047 25.635738 -60.265121 -5.264112 2.840140 1.864336 
40.775093 25.657335 -60.522648 -2.636556 1.532446 0.694519 
45.689751 27.019117 -61.179710 5.069655 3.578968 -0.842395 
42.513466 26.978994 -62.282467 -1.767226 5.724926 -1.709130 
42.809490 27.077883 -62.315399 -2.219667 5.392411 -2.272980 
42.631603 26.953798 -62.491539 -1.432942 5.880228 -0.562703 
43.305042 27.127094 -62.607273 -1.234024 5.617675 -2.444165 
44.658741 27.152922 -62.765499 0.845166 4.390874 -4.302081 
45.716221 26.885452 -61.464172 5.206119 3.202336 -1.362986 
45.809811 26.615282 -61.636066 5.497093 2.456599 -1.721272 
44.048283 27.977148 -60.193493 0.236424 6.131797 1.114587 
44.140087 25.448536 -58.665588 1.320491 -1.585533 5.917733 
45.406223 26.947050 -62.220196 4.893661 3.259099 -2.146547 
44.814972 27.674313 -61.614582 2.398579 5.632214 -1.279363 
44.540066 27.768137 -61.586994 1.380963 5.966286 -1.299864 
43.415058 26.955698 -58.826546 -1.441092 3.179706 5.180773 
41.963963 23.607134 -59.466534 -0.578012 -1.392253 2.723860 
42.212204 23.464619 -59.492657 -0.202902 -1.276910 2.822880 
42.233353 23.648464 -59.405434 -0.573618 -2.962224 5.505706 
45.852242 26.725950 -60.374798 5.506774 2.810385 1.052671 
43.026241 27.081024 -62.549576 -1.675397 5.803011 -1.560888 
42.765331 27.384632 -59.632416 -3.267493 4.576120 2.777999 
42.981838 23.134592 -59.670231 0.825987 -1.073302 2.650228 
43.243881 23.102932 -59.800396 1.243610 -1.070132 2.671826 
43.230553 23.321934 -59.704338 2.383349 -2.621897 5.169094 
44.494595 27.028149 -62.879517 -0.071345 3.726986 -5.021521 
43.033611 25.592472 -58.566193 -0.596633 -0.267529 6.219949 
43.380085 25.607222 -58.550407 0.004542 -0.651584 6.229867 
42.910034 27.644850 -60.038940 -2.825609 5.418828 1.346556 
45.964333 26.496677 -60.387115 5.698132 2.252843 1.242210 
44.457943 23.299953 -60.700310 2.269726 -1.361627 1.583484 
44.645344 23.419355 -60.916084 2.442890 -1.501880 1.197849 
44.511803 23.558371 -60.541885 4.268780 -3.451662 3.034041 
44.028435 25.213432 -58.713829 1.352633 -2.052169 5.766937 
43.397507 23.520103 -59.649899 2.055631 -3.591658 4.714383 
43.123798 23.507336 -59.558903 1.574441 -3.212969 5.129755 
40.851849 25.853100 -60.737862 -2.576917 1.723429 0.440341 
40.970036 26.008099 -60.676888 -5.039275 3.648483 0.849897 
42.379818 26.911455 -62.570385 -0.694771 3.110132 -0.130731 
44.375057 25.459509 -58.723614 1.771887 -1.760717 5.743619 
44.280586 25.251785 -58.768291 1.766657 -2.218164 5.589341 
42.843281 27.538095 -59.819317 -3.058368 5.032138 2.083816 
43.893341 27.063169 -62.818031 -0.084650 4.491796 -4.366429 
43.990414 26.808064 -63.035706 1.165412 4.313115 -4.279654 
44.718388 24.602421 -59.404171 3.048918 -3.766054 3.981359 
44.963634 24.606897 -59.611904 3.453156 -3.918189 3.467543 
44.930668 24.815107 -59.372265 3.235980 -3.510468 4.049941 
45.114632 27.563164 -60.130234 3.590469 4.973950 1.264429 
44.746170 26.705160 -63.068199 0.194510 2.714099 -5.618921 
44.852695 27.243071 -62.585503 2.170815 4.730346 -3.321711 
41.705456 26.847633 -61.229870 -4.023627 4.787662 -0.448451 
42.052391 27.051510 -60.184181 -3.993447 4.622303 1.429438 
44.971905 27.407724 -62.153053 3.059902 4.958118 -2.288446 
44.782593 27.398937 -62.367672 2.154344 5.093109 -2.905777 
44.722282 27.553633 -62.126736 2.118739 5.338496 -2.384074 
40.918282 25.897045 -60.538723 -5.136310 3.400069 1.182879 
44.242954 23.207842 -60.491531 2.126445 -1.149511 1.927687 
44.155144 23.298899 -60.350513 4.072448 -2.590646 4.007723 
43.780922 27.959230 -60.146946 -0.685833 6.063927 1.280564 
43.818977 26.531151 -58.599186 0.005904 1.506160 6.061593 
43.883907 26.839514 -58.702030 -0.068567 2.491897 5.724555 
43.607491 26.770021 -58.690250 -0.715281 2.442566 5.696041 
45.908550 26.674156 -61.078049 5.570181 2.778951 -0.742187 
44.885746 25.021786 -59.184544 3.023255 -3.114123 4.527870 
44.290684 23.345730 -60.461426 4.302623 -2.650397 3.727903 
44.910572 27.284437 -59.305477 3.011738 3.947089 3.748377 
44.055477 26.673454 -58.648670 0.464762 1.821665 5.968744 
42.245220 27.208691 -60.160423 -3.883284 4.715071 1.411194 
42.395855 27.236111 -59.894016 -3.793012 4.545415 2.045179 
41.475033 24.498964 -59.234447 -3.514346 -1.633219 4.899871 
41.387501 24.764524 -59.234825 -3.871018 -0.784207 4.838462 
44.950031 27.440197 -59.544510 3.158995 4.541598 2.867498 
43.416389 27.529631 -62.018234 -1.986124 5.195566 -2.885444 
43.205250 27.563240 -61.790329 -2.213010 5.286246 -2.531259 
43.538338 27.679829 -61.792912 -1.516000 5.614122 -2.303430 
44.580349 27.331232 -62.567772 0.934204 4.903533 -3.741125 
44.504177 27.504389 -62.345387 1.063385 5.215071 -3.215241 
46.008686 26.415333 -61.171684 5.838036 1.975719 -0.972478 
45.877071 26.640936 -61.347340 5.549701 2.600432 -1.284258 
43.583229 27.882174 -59.991047 -1.327300 5.853986 1.737031 
44.984741 24.104128 -60.486019 4.275066 -4.202374 1.856765 
44.285759 27.825277 -61.519569 0.646274 6.065441 -1.432906 
44.299168 27.752296 -61.797169 0.517427 6.008614 -1.695432 
45.194820 26.642771 -59.109444 3.995161 1.682471 4.497365 
44.130825 23.559347 -60.105701 3.485887 -3.784018 3.584427 
43.863361 23.454069 -59.966568 3.178869 -3.307170 4.254695 
44.230259 26.981876 -62.898582 -0.124788 3.751775 -5.023969 
45.384907 26.451298 -59.226978 4.409940 1.236743 4.240152 
43.011959 27.748465 -60.813107 -2.533421 5.719825 -0.452355 
43.195156 27.805649 -60.970573 -2.152318 5.830958 -0.836436 
42.981857 27.705282 -61.051601 -2.528487 5.662001 -0.947829 
42.785622 27.633053 -60.885765 -2.913907 5.524388 -0.555964 
46.063965 25.612427 -60.606514 6.029712 -1.408886 0.717740 
46.040009 25.470917 -60.844376 5.954640 -1.892665 0.221065 
46.099667 25.734894 -60.855812 6.194642 -0.834204 0.078421 
41.650536 26.433950 -59.751713 -4.262691 3.739846 2.676902 
41.822548 26.634834 -59.768871 -4.115465 3.941731 2.610945 
41.672039 26.588820 -59.965588 -4.343522 4.007814 2.102001 
44.472149 24.598499 -59.237492 2.669143 -3.579054 4.397880 
45.344322 26.703215 -62.661274 5.055266 2.515625 -2.632065 
45.130413 27.382835 -59.693447 3.740692 4.393986 2.425288 
41.602196 24.726805 -59.091698 -3.221168 -0.972182 5.270129 
44.252426 27.798353 -59.698044 0.894670 5.632145 2.565146 
42.805904 26.996252 -62.572536 -1.677030 5.859141 -0.324722 
45.640240 24.744463 -60.863541 5.002043 -3.747450 0.481856 
45.800892 24.977314 -60.830254 5.278854 -3.336627 0.409358 
45.681736 24.864359 -60.548714 5.007660 -3.608914 1.064785 
44.418133 27.655249 -62.085098 0.823301 5.698661 -2.299970 
44.193813 27.574007 -62.282822 -0.174273 5.307049 -3.163860 
45.979218 25.363167 -60.608093 5.734270 -2.380958 0.788879 
45.986595 25.491138 -60.371998 5.744006 -1.941053 1.445212 
44.114521 27.684475 -62.026306 -0.274428 5.823177 -2.247600 
42.023464 26.884243 -61.989040 -2.696386 5.481950 -1.444376 
41.921772 26.794228 -62.193813 -1.322712 2.779645 -0.513720 
41.709457 26.711687 -61.994907 -1.618101 2.615733 -0.544728 
44.282040 27.398252 -62.519257 -0.059700 4.809571 -3.970353 
44.083900 27.235645 -62.671883 -0.532382 4.428530 -4.400571 
43.945225 27.439310 -62.416523 -0.998236 4.909944 -3.742122 
41.515347 26.610741 -61.791046 -1.904854 2.447405 -0.382441 
41.669239 26.746300 -61.669380 -3.688933 4.993226 -0.938533 
43.243908 27.848267 -60.748646 -2.128006 5.879985 -0.379451 
42.003376 26.687233 -59.596916 -3.887542 3.844481 3.090368 
41.842270 26.490234 -59.552006 -3.938722 3.622837 3.253616 
42.031044 26.558714 -59.415958 -3.748494 3.557327 3.555805 
45.863029 26.109209 -61.910248 5.761262 0.922736 -2.292818 
45.828201 25.923981 -62.036629 5.741635 0.170096 -2.514123 
45.770081 26.094515 -62.141132 5.638183 0.787315 -2.590726 
40.899872 24.677681 -59.751541 -2.427037 -0.117202 1.957704 
44.290314 25.709061 -58.640671 1.399608 -1.107072 6.005115 
45.487011 26.667307 -62.381172 5.290634 2.334339 -2.406327 
44.631317 27.684582 -61.855335 1.706695 5.738990 -1.674497 
44.945156 27.540359 -61.869938 2.973935 5.200593 -1.748776 
41.692413 24.523115 -59.089558 -2.790383 -1.723239 5.307365 
45.300556 26.922497 -62.488575 4.659848 3.347213 -2.438189 
43.770885 27.265079 -62.581459 -1.030958 4.793873 -3.901180 
44.500771 24.397326 -59.442059 2.897550 -3.974802 3.890457 
45.053261 25.200991 -59.179218 3.249567 -2.799311 4.560279 
44.387852 27.201117 -62.731670 -0.065167 4.328489 -4.502172 
42.799526 27.140947 -59.288719 -3.024736 3.905392 3.857598 
45.387905 26.021196 -62.798866 5.007151 -0.039458 -3.780842 
44.862686 23.885313 -60.687065 4.557123 -3.878802 1.900698 
45.029240 24.032776 -60.801792 4.682535 -3.956092 1.362797 
44.067669 27.806160 -61.628189 -0.063721 6.049329 -1.656298 
40.818439 25.487003 -60.138664 -5.289550 2.300408 2.459015 
40.938137 25.676746 -60.072495 -5.101042 2.735660 2.374933 
40.891472 25.438540 -59.958485 -5.191393 2.067842 2.856940 
45.989674 25.332144 -61.075520 5.785904 -2.355946 -0.254403 
45.937038 26.392897 -61.490517 5.746407 1.903684 -1.630090 
45.600384 24.674709 -61.107510 5.046544 -3.719875 0.026313 
45.479313 24.532974 -60.977505 4.858078 -3.957183 0.425859 
45.731026 26.562466 -61.917545 5.449921 2.235880 -2.143243 
43.942314 24.980286 -58.787781 1.479363 -2.474387 5.572440 
44.159180 25.063559 -58.812504 1.726709 -2.539077 5.472044 
44.844994 26.326128 -58.783855 2.850132 0.706903 5.467498 
44.609459 26.302412 -58.686985 1.970312 0.591946 5.897545 
44.704586 26.082190 -58.714684 2.308768 -0.259202 5.790085 
45.873238 26.550602 -60.134148 5.613701 2.133156 1.764791 
44.364079 23.458286 -60.461201 4.160009 -3.166551 3.462490 
42.648857 26.897751 -59.178616 -3.099949 3.556889 4.124321 
44.219803 23.439066 -60.307220 3.918128 -3.255596 3.670709 
44.349453 23.609133 -60.278168 3.751266 -3.848256 3.244854 
45.219795 27.121834 -62.320511 4.214806 3.998082 -2.324883 
41.826687 26.741123 -59.956524 -4.249629 4.121038 2.103694 
42.020931 24.861986 -58.857941 -2.298988 -1.025302 5.715707 
41.974308 25.143946 -58.849442 -2.721233 -0.186063 5.623230 
41.737091 24.975468 -58.982357 -3.066232 -0.357702 5.432574 
42.406334 26.287617 -58.917198 -2.966554 2.566793 4.888249 
42.394402 26.493378 -59.048809 -3.148992 3.053669 4.478564 
42.190376 26.325785 -59.089169 -3.347024 2.926272 4.428759 
40.726738 25.205309 -60.103180 -2.640668 0.822680 1.406859 
43.222397 25.868052 -58.545181 -0.573020 0.174772 6.226721 
43.050037 27.773195 -60.547791 -2.516366 5.742258 0.114030 
44.525326 25.884073 -58.672600 1.838573 -0.826849 5.919569 
45.329739 24.373968 -60.834023 4.748157 -4.036761 0.768214 
45.308189 24.302732 -61.167824 4.984543 -3.803549 0.350666 
43.816521 26.719997 -63.268608 1.286395 2.458953 -1.522727 
42.219040 25.031338 -58.761982 -1.872616 -0.761552 5.916421 
42.176643 25.284702 -58.760109 -2.219129 -0.025596 5.847086 
43.667324 27.589302 -62.061375 -1.502902 5.409897 -2.782283 
42.146980 26.859756 -62.385777 -1.004571 2.925889 -0.414553 
42.141659 26.889297 -62.180279 -2.261572 5.735421 -1.195370 
44.525024 26.531546 -63.137333 0.881789 2.748796 -5.500564 
44.465420 27.830780 -61.339966 1.310601 6.030407 -1.150768 
43.604351 27.798685 -61.493607 -1.167453 5.888754 -1.792511 
43.823540 27.767002 -61.696377 -0.800353 5.909811 -1.949513 
42.941654 25.914532 -58.589024 -1.233186 0.648238 6.095574 
41.652744 26.234213 -59.511070 -4.055248 3.359804 3.390047 
44.377750 25.048489 -58.897923 2.135401 -2.737864 5.222267 
44.494450 26.815647 -63.009087 -0.039966 3.018824 -5.500371 
46.047432 25.753839 -60.363396 6.000452 -0.894856 1.440173 
45.989025 25.897085 -60.122814 5.828960 -0.309347 2.186081 
43.370632 23.730875 -59.458469 1.640426 -3.967086 4.583678 
43.849495 23.682968 -59.742512 2.583168 -4.069481 4.026194 
43.628647 23.500528 -59.780991 2.514259 -3.610021 4.472428 
44.235538 24.378641 -59.286793 2.487483 -3.781458 4.343729 
44.013264 24.440735 -59.125610 2.098857 -3.526592 4.747752 
43.990517 24.243643 -59.271755 2.263712 -3.786992 4.464607 
41.027187 25.127422 -59.615482 -4.951375 0.772903 3.769095 
44.123062 24.190313 -59.396748 2.529539 -3.900933 4.225980 
44.305573 24.201876 -59.499496 2.859866 -3.996771 3.897817 
45.210938 25.990965 -59.026417 3.846347 -0.345846 4.917103 
45.149681 26.322357 -58.987747 3.814227 0.716849 4.882205 
44.970409 26.046635 -58.845024 3.237121 -0.316900 5.284962 
41.202728 24.836060 -59.392715 -4.414140 -0.378518 4.410983 
46.076408 26.276190 -60.885780 6.084395 1.384661 -0.238436 
45.547390 26.554413 -59.463680 4.877700 1.720408 3.507916 
45.937672 25.220217 -60.835983 5.617526 -2.737487 0.316196 
44.556488 27.599453 -59.473877 1.859766 5.031621 3.210548 
41.343693 25.006268 -59.255486 -4.106525 0.108642 4.712455 
43.506996 26.505314 -58.608856 -0.705902 1.695020 5.965666 
46.101505 25.880032 -60.612747 6.199425 -0.349623 0.642042 
44.388653 27.882641 -61.140072 1.260317 6.046139 -1.151920 
44.186626 27.939247 -61.058754 0.650645 6.097838 -1.206720 
45.487423 25.773081 -59.302814 4.499320 -0.867579 4.253853 
45.385609 26.167942 -59.178349 4.327491 0.388998 4.497162 
45.568600 26.291161 -59.396561 4.897334 0.844568 3.768127 
42.887577 27.258564 -62.052593 -2.472544 5.018651 -2.858235 
42.677364 27.282776 -61.819687 -2.689712 5.040474 -2.604019 
42.932514 27.421093 -61.809601 -2.568200 5.073157 -2.661196 
45.176529 24.237461 -60.675201 4.556330 -4.123667 1.279039 
45.666481 25.846558 -59.509575 5.099731 -0.465312 3.580373 
45.751301 25.681061 -59.683132 5.336735 -1.089728 3.082601 
45.796505 25.892801 -59.713516 5.468821 -0.242941 3.018700 
45.737061 26.119947 -59.617470 5.355201 0.455950 3.180242 
45.520443 26.177200 -62.597801 5.375960 0.634887 -3.117745 
45.609886 24.889202 -60.227345 4.859320 -3.570779 1.697773 
45.778610 25.093246 -60.327263 5.191576 -3.155262 1.522846 
45.553322 26.021269 -59.348328 4.806463 0.005868 3.978710 
42.712299 27.243473 -59.480915 -3.270366 4.226510 3.270511 
44.464344 26.134626 -58.638714 1.595634 -0.017832 6.054785 
42.256710 27.300955 -60.890930 -3.649450 5.093224 -0.268040 
46.059963 25.966415 -61.364426 6.094135 0.343497 -1.320514 
46.004936 25.797260 -61.589993 5.963970 -0.183637 -1.818827 
45.984333 26.154442 -60.136585 5.794983 0.764940 2.158824 
45.594566 25.598516 -59.468338 4.787778 -1.367557 3.732069 
42.160740 27.021946 -61.781551 -2.866792 5.266262 -1.856975 
41.898621 26.885300 -61.740185 -3.191546 5.234449 -1.351112 
42.041527 27.028744 -61.526787 -3.326678 5.131471 -1.432413 
42.465149 23.340773 -59.537735 0.058918 -1.258481 2.851934 
42.392632 23.580795 -59.436474 -0.231075 -2.883678 5.554843 
42.288818 24.772844 -58.793583 -1.383698 -1.582014 5.885029 
45.162251 27.349785 -61.973614 3.841953 4.564435 -1.847700 
45.947895 25.628515 -60.125683 5.705738 -1.428012 2.100701 
45.039124 23.965967 -61.063725 5.006734 -3.639210 1.063736 
45.175064 24.163557 -60.961544 4.842980 -3.905071 0.855740 
45.519524 26.793690 -59.580002 4.820987 2.524873 3.091926 
45.647686 26.635870 -59.672421 5.143353 2.061063 2.920141 
45.205143 24.697802 -59.776390 3.891976 -3.871611 3.031006 
45.261494 24.604183 -59.996197 4.126972 -4.076322 2.378469 
45.364899 24.761806 -59.917355 4.258618 -3.798593 2.584390 
45.651627 26.811579 -59.830460 5.134703 2.655266 2.364301 
45.766434 26.593380 -59.873692 5.457591 1.964781 2.307507 
42.951942 25.279076 -58.602917 -0.346284 -0.914355 6.185265 
42.189030 26.531710 -59.238308 -3.502013 3.301202 4.016434 
44.507088 27.724037 -59.662071 1.723304 5.390155 2.621909 
41.507462 25.437801 -59.179199 -3.900824 1.217819 4.726897 
43.115562 26.116753 -58.584938 -1.114583 1.027650 6.074345 
40.997013 25.361166 -59.730026 -5.035640 1.609341 3.346278 
42.154354 27.034157 -59.913670 -3.894954 4.432213 2.127353 
42.363979 27.070969 -59.652588 -3.708487 4.213964 2.796581 
42.096790 27.168131 -61.073917 -3.721439 5.017537 -0.574749 
43.867222 24.741924 -58.880787 1.587483 -2.831248 5.366140 
41.508938 25.705177 -59.273529 -4.047236 2.034241 4.303387 
41.354153 25.780066 -59.481915 -4.457374 2.439610 3.636300 
45.838753 25.142706 -61.539185 5.531754 -2.638584 -1.272795 
45.452702 26.453526 -62.611198 5.460926 1.505398 -2.691571 
45.343693 26.519018 -62.800709 5.224049 1.595921 -2.987094 
42.733444 25.731495 -58.618565 -1.383281 0.520902 6.083911 
42.524502 25.589046 -58.657833 -1.667142 0.467558 6.012507 
42.749340 25.465401 -58.607315 -0.980370 -0.193754 6.179699 
45.861622 26.353380 -61.773533 5.671589 1.690639 -2.037897 
41.836052 24.677828 -58.980022 -2.558036 -1.343908 5.551705 
44.321308 25.969753 -58.613121 1.307793 -0.511336 6.110344 
45.390228 25.934515 -59.181492 4.247640 -0.412376 4.564536 
45.674404 25.527332 -62.311085 5.435369 -0.955295 -2.899687 
45.797279 25.405954 -61.979755 5.647503 -1.489215 -2.224698 
45.650738 25.190378 -62.173309 5.371497 -2.019068 -2.436739 
45.734741 25.095835 -61.839798 5.458372 -2.489148 -1.767160 
45.132401 27.243757 -59.484692 3.807981 3.813154 3.144031 
43.404160 27.878376 -60.924648 -1.724743 5.981238 -0.817631 
45.987476 25.534998 -61.541008 5.854435 -1.335747 -1.634898 
42.829365 24.643454 -58.776108 -0.085977 -2.322457 5.821967 
42.587555 24.738659 -58.755981 -0.655874 -1.931760 5.921535 
42.676018 24.473202 -58.853210 -0.290920 -2.625683 5.679252 
41.127460 25.919708 -59.983204 -4.874195 3.180701 2.317867 
41.519180 25.158720 -59.123371 -3.681396 0.411273 5.032999 
42.520344 27.472883 -60.949608 -3.300508 5.295353 -0.596774 
42.323975 27.319107 -61.143898 -3.408336 5.177375 -0.928523 
42.854420 25.073944 -58.646709 -0.324999 -1.280539 6.130910 
42.851246 24.858366 -58.699619 -0.172998 -1.798355 5.996899 
41.461033 26.224936 -59.766972 -4.411664 3.545378 2.677610 
45.760818 26.783371 -60.095291 5.438041 2.668711 1.577806 
45.546204 27.153591 -61.378689 4.791771 3.875053 -1.140591 
42.383087 26.900139 -59.411510 -3.485666 3.845092 3.517347 
42.191551 26.716242 -59.410229 -3.641842 3.688229 3.534753 
42.399330 26.702524 -59.206120 -3.286966 3.477443 4.051920 
43.272079 26.461370 -58.639217 -1.293050 1.913375 5.822602 
43.399303 26.314707 -58.581142 -0.727454 1.246920 6.106060 
42.172581 27.176447 -61.328217 -3.467993 5.073781 -1.254280 
41.696312 25.623020 -59.088699 -3.623352 1.575993 4.857610 
44.689812 23.717436 -60.614876 4.491584 -3.637940 2.449998 
44.779251 23.686098 -60.862671 4.950484 -3.274553 2.040006 
44.115406 24.035578 -59.533890 2.656279 -4.066221 3.965016 
43.978928 24.090584 -59.402382 2.373263 -3.923917 4.291112 
43.865993 23.903551 -59.515034 2.309538 -4.123004 4.121752 
41.492672 26.390415 -59.976658 -4.482394 3.855987 2.107141 
41.507648 26.630816 -61.583038 -4.021738 4.783004 -0.639903 
45.491325 24.683725 -60.369007 4.693356 -3.903228 1.449975 
41.165401 26.114452 -60.228416 -4.824390 3.619139 1.725249 
40.963402 25.862843 -60.292973 -5.052690 3.283804 1.714379 
45.217236 25.915188 -62.996216 4.347393 -0.031585 -4.497253 
45.366035 25.751749 -62.820702 4.955217 -0.289729 -3.824094 
45.915340 25.607708 -61.786995 5.775599 -0.967971 -2.189114 
45.874378 25.350994 -61.697163 5.668204 -1.948083 -1.862744 
42.964428 27.716419 -60.282269 -2.700679 5.605472 0.718797 
43.207317 27.825626 -60.322239 -2.273102 5.803811 0.644291 
41.802635 26.887344 -61.477325 -3.620678 5.014693 -1.012398 
41.940685 27.024475 -61.266491 -3.675516 5.011499 -0.846038 
45.936958 25.333366 -61.480408 5.688641 -2.212633 -1.359405 
45.583763 26.360954 -62.397160 5.456482 1.486556 -2.717179 
42.698662 25.230337 -58.635078 -0.845751 -0.771421 6.164068 
41.979679 25.371452 -58.853401 -2.929898 0.473409 5.509167 
44.808418 23.555954 -61.132080 2.584354 -1.506275 0.847288 
44.909035 23.824696 -60.951714 4.980390 -3.480118 1.576058 
45.056854 23.877382 -61.559021 2.697987 -1.581697 0.187827 
45.154400 24.050705 -61.767353 2.716752 -1.559243 -0.137069 
45.198460 24.125761 -61.441864 5.290672 -3.378229 0.217207 
42.386879 24.507748 -58.866371 -0.920122 -2.408089 5.697499 
42.640224 27.563398 -60.683353 -3.238997 5.364619 -0.049899 
45.681099 25.093063 -60.054562 5.006449 -3.147498 2.076039 
45.514034 24.903509 -59.974190 4.615807 -3.520956 2.346718 
42.813667 26.465082 -58.792953 -2.329857 2.560958 5.215515 
43.064987 26.354410 -58.655598 -1.644112 1.921602 5.724851 
43.081406 26.605732 -58.751003 -1.964417 2.532430 5.375640 
43.649464 27.397732 -62.354538 -1.605078 4.970693 -3.483410 
43.494408 27.929901 -60.715591 -1.564034 6.044369 -0.435728 
42.437603 25.187513 -58.686138 -1.425759 -0.584161 6.065429 
43.159981 27.406166 -62.036369 -2.342969 5.006155 -2.974673 
45.307323 27.223309 -59.708862 4.270215 3.798608 2.506537 
42.039780 25.952354 -58.978668 -3.221086 2.275141 4.872224 
41.873234 25.792162 -59.024700 -3.439543 1.952606 4.869434 
42.072975 25.740271 -58.873676 -3.007875 1.602264 5.245610 
42.252575 25.903908 -58.831165 -2.745978 1.905413 5.292084 
45.915390 25.872038 -61.836643 5.820108 0.076838 -2.291988 
44.093948 27.853634 -61.431969 0.118111 6.106884 -1.467342 
43.880951 27.846714 -61.458435 -0.440407 6.039336 -1.602102 
45.705540 24.908424 -61.580933 5.324910 -3.101742 -1.114128 
43.632187 23.291319 -59.927586 2.842102 -2.532681 4.958976 
45.019329 27.270321 -62.367531 3.233507 4.676926 -2.586877 
45.710297 25.281090 -59.864925 5.093053 -2.630039 2.467377 
45.850018 25.334700 -60.145027 5.405675 -2.464469 1.951899 
41.750458 25.328642 -58.985977 -3.375369 0.622646 5.233358 
43.910427 27.959578 -60.990292 -0.307326 6.137106 -1.146984 
44.002102 27.899227 -61.244728 -0.070847 6.110259 -1.444173 
44.933544 24.326405 -59.967697 3.651379 -4.378304 2.630654 
45.435631 24.727358 -60.115894 4.504457 -3.891487 1.971037 
41.595078 26.726568 -61.438488 -4.043669 4.758148 -0.648567 
43.914852 27.595184 -62.171341 -1.053045 5.417166 -2.913255 
45.156189 25.546135 -63.060009 2.347905 -0.034313 -2.114436 
45.295753 25.557310 -62.891106 4.952130 -0.446603 -3.821158 
45.252663 25.301594 -62.906792 2.565115 -0.418257 -1.785775 
44.237293 27.881468 -61.292400 0.659611 6.085280 -1.333405 
45.184795 27.420296 -61.715290 3.861343 4.698335 -1.491948 
45.373943 27.296680 -61.554684 4.381483 4.270049 -1.332428 
43.511139 23.073240 -59.935398 1.407174 -0.947111 2.529886 
45.901684 25.278421 -60.406910 5.488781 -2.703269 1.346064 
45.859673 25.126822 -60.591682 5.382221 -3.066564 0.921670 
42.605518 27.120127 -62.049526 -2.429234 5.196244 -2.552935 
43.618744 23.708370 -59.583515 2.114223 -4.062415 4.296476 
40.926594 24.955177 -59.719585 -5.017189 0.381692 3.734182 
40.788475 24.944696 -59.915199 -2.586295 0.311783 1.710799 
43.475964 27.262861 -62.468147 -1.648721 5.078115 -3.299520 
45.301304 27.159323 -62.080101 4.474968 3.922981 -1.971458 
45.732056 25.861109 -62.246006 5.582161 -0.049478 -2.837788 
43.123661 23.771593 -59.351727 1.039915 -3.873573 4.828787 
42.895752 23.606726 -59.441017 0.755155 -3.468288 5.172583 
41.556534 25.958090 -59.380005 -4.078867 2.804829 3.830560 
41.777931 26.094770 -59.260460 -3.727954 2.952474 4.068333 
42.876629 23.829359 -59.270336 0.462228 -3.789595 4.985947 
42.630474 23.645908 -59.391838 0.173122 -3.349467 5.299636 
41.303349 26.042017 -59.807919 -4.659917 3.274497 2.632539 
41.309780 26.178856 -59.990608 -4.665961 3.605209 2.133239 
41.416286 26.020325 -59.604115 -4.400483 3.111914 3.195176 
41.674774 24.320578 -59.180668 -2.756158 -2.358502 5.089016 
41.892654 24.416739 -59.042526 -2.099078 -2.257617 5.450320 
42.550617 27.436644 -61.238094 -3.149594 5.283717 -1.256912 
42.583218 27.399218 -61.439869 -2.998122 5.212946 -1.787256 
42.397129 27.304976 -61.386955 -3.185403 5.179098 -1.551607 
43.435879 27.823334 -61.266491 -1.512042 5.897577 -1.491241 
43.708698 27.887915 -61.215683 -0.807926 6.051740 -1.432800 
45.310707 25.066530 -62.738659 2.676537 -0.698637 -1.506903 
45.412949 25.077526 -62.547775 5.401185 -1.666732 -2.736871 
45.332249 24.842234 -62.557884 2.725262 -1.003328 -1.214497 
43.569710 27.956024 -60.477612 -1.410639 6.089142 0.117408 
45.411327 24.742924 -62.251217 5.435460 -2.499482 -1.895646 
45.319965 24.628956 -62.366295 2.733955 -1.232963 -0.949455 
42.681843 25.997980 -58.672863 -2.000198 1.362235 5.760749 
42.629520 26.244724 -58.775909 -2.481211 2.190031 5.313884 
42.443356 26.069042 -58.799751 -2.623246 2.025859 5.323136 
43.599358 23.915306 -59.378132 1.840462 -4.018861 4.456242 
43.353912 23.953270 -59.257908 1.363554 -3.894839 4.724880 
43.400490 27.389702 -62.226669 -2.040061 4.985235 -3.232202 
45.395237 25.234879 -62.661213 5.312474 -1.224513 -3.109417 
44.149204 24.837782 -58.924034 1.944322 -2.904521 5.208624 
44.320278 24.015226 -59.715145 3.107294 -4.160014 3.517469 
44.570004 24.027180 -59.950378 3.513149 -4.212290 3.038794 
44.524937 24.220137 -59.670589 3.188478 -4.157749 3.465280 
42.123730 25.516153 -58.797943 -2.637100 0.784874 5.617688 
44.737907 24.257219 -59.831150 3.417590 -4.283192 3.065370 
44.795479 24.153080 -60.063316 3.763097 -4.281890 2.638398 
45.631405 24.738966 -61.356190 5.189488 -3.478581 -0.553648 
41.703632 25.864552 -59.185272 -3.733154 2.321157 4.463579 
43.053562 24.234489 -58.995304 0.600728 -3.285745 5.302437 
42.852283 24.051067 -59.101685 0.285125 -3.597386 5.131936 
43.102291 24.000420 -59.163185 0.794412 -3.734648 4.972156 
43.267277 27.710215 -61.493484 -1.946630 5.630156 -1.903404 
42.295155 25.675007 -58.747604 -2.376314 1.069367 5.682939 
41.906929 25.566526 -58.926151 -3.267156 1.222422 5.193181 
42.719296 23.448402 -59.512451 0.616621 -2.706029 5.618281 
42.643806 25.003494 -58.678673 -0.756739 -1.273960 6.085389 
43.576309 24.129257 -59.185936 1.653432 -3.731076 4.760756 
41.347786 26.336008 -60.212811 -4.632420 3.896512 1.650171 
42.754925 27.515526 -61.380653 -2.851799 5.315407 -1.712674 
43.326355 27.881041 -60.524029 -2.069917 5.920959 0.082919 
43.410397 27.901398 -60.342800 -1.934000 5.926341 0.610818 
45.025856 26.066490 -63.133968 3.106329 0.320161 -5.413967 
44.773312 23.935431 -60.416256 4.151575 -4.120565 2.285245 
45.373024 27.406029 -61.045296 4.234600 4.584654 -0.549240 
45.373638 27.366873 -61.283333 4.275782 4.478427 -0.934225 
45.376030 25.093102 -59.546856 4.034633 -3.228389 3.519192 
41.343159 26.489044 -61.582439 -2.114752 2.294666 -0.187180 
42.634113 23.899017 -59.207176 -0.068927 -3.670888 5.090389 
42.720173 23.227455 -59.593151 0.353699 -1.055897 2.879126 
41.874901 24.172724 -59.163048 -1.979402 -2.885784 5.170483 
42.423637 27.146101 -61.810493 -2.717782 5.150856 -2.352071 
45.229111 24.234200 -61.970737 2.752374 -1.442657 -0.448199 
45.281845 24.428082 -62.169891 2.735628 -1.384251 -0.692480 
45.349854 24.457903 -61.928242 5.451975 -2.930137 -1.075019 
43.794331 24.293163 -59.143009 1.892764 -3.586609 4.787004 
45.370018 24.893965 -59.755913 4.194032 -3.557441 3.014617 
44.561398 23.803833 -60.276798 3.882198 -4.076681 2.774483 
44.709492 23.999371 -60.186615 3.894334 -4.225147 2.534549 
42.733528 27.417095 -61.602646 -2.768545 5.160880 -2.261710 
45.859100 26.323648 -59.918144 5.612317 1.182455 2.495650 
43.346977 27.835777 -61.090233 -1.801420 5.910859 -1.100304 
43.326878 24.187122 -59.070972 1.133684 -3.479272 5.084266 
45.026688 23.886082 -61.273556 5.284908 -3.274033 0.888739 
44.942257 23.710934 -61.346382 2.699030 -1.491318 0.508664 
43.585621 27.940784 -60.244141 -1.436039 6.007876 0.927995 
43.375145 27.857475 -60.156616 -1.941128 5.853080 1.175449 
45.444492 24.658442 -61.998661 5.372504 -2.910971 -1.446921 
42.348316 25.440748 -58.702969 -1.953760 0.219188 5.941092 
45.008480 25.789307 -63.181248 1.919197 0.220105 -2.531197 
45.213970 25.709896 -62.992393 4.560469 -0.035255 -4.311640 
41.049049 26.060604 -60.476894 -4.934169 3.663787 1.262180 
43.639713 26.878326 -63.152283 2.830092 5.252470 -1.805294 
45.448833 25.491213 -62.659260 5.220414 -0.849959 -3.371869 
42.871090 26.753229 -58.927834 -2.587138 3.071644 4.806103 
45.730503 24.864256 -61.090069 5.256874 -3.420488 -0.123836 
43.147263 27.764053 -60.094631 -2.305877 5.703295 1.208359 
43.621723 26.216219 -58.544147 -0.137675 0.709287 6.202359 
45.769138 26.314478 -62.027313 5.606487 1.544147 -2.355382 
44.265087 27.976843 -60.351284 1.009198 6.133880 0.601082 
45.806015 26.823212 -61.213707 5.369516 3.097735 -0.969848 
42.561272 27.243988 -59.653782 -3.573003 4.351998 2.746685 
43.845280 27.685337 -61.934765 -0.992186 5.749519 -2.299995 
44.028709 27.749140 -61.823185 -0.350118 5.952358 -1.912486 
45.704098 26.423134 -59.645802 5.311557 1.300817 3.017613 
41.044579 24.893127 -59.569111 -4.799786 0.048438 4.035655 
45.953503 26.361931 -60.187748 5.732728 1.654203 1.909283 
43.197430 27.765116 -61.198021 -2.102753 5.760131 -1.305783 
41.512775 24.927601 -59.127899 -3.573181 -0.286801 5.138433 
45.560135 25.843851 -62.553558 5.297217 -0.177934 -3.320694 
42.000320 26.143023 -59.111465 -3.390539 2.843889 4.440047 
41.872746 25.974054 -59.110180 -3.504009 2.467665 4.582143 
45.517853 25.251209 -62.449787 5.312031 -1.548850 -2.963128 
45.118607 25.036175 -59.349655 3.493029 -3.224540 4.092010 
43.636230 27.935274 -60.937584 -1.097717 6.090196 -0.950834 
43.505535 27.880005 -61.088421 -1.377634 5.999977 -1.186514 
43.433712 23.309387 -59.809837 2.552079 -2.647601 5.057171 
42.483940 25.830526 -58.705765 -2.133559 1.278920 5.734842 
42.886646 23.390093 -59.560192 0.972054 -2.465514 5.684347 
40.914597 25.124508 -59.772243 -5.091255 0.932368 3.555230 
40.853184 25.220535 -59.889801 -5.198662 1.352281 3.204657 
42.613949 26.631439 -58.998878 -2.867327 3.145935 4.602763 
42.571068 26.429884 -58.898731 -2.750923 2.774316 4.905302 
41.086742 26.167582 -60.690960 -4.891801 3.841436 0.844172 
41.212948 26.263332 -60.456005 -4.753986 3.908306 1.218548 
41.479359 26.639603 -61.254375 -4.307408 4.561310 -0.270885 
46.028065 26.204090 -61.360458 5.946052 1.302551 -1.412159 
42.408524 23.767015 -59.315414 -0.440643 -3.503166 5.192493 
42.167824 23.814482 -59.320576 -0.906832 -3.303672 5.259797 
45.820122 25.697578 -62.035881 5.712689 -0.553109 -2.529562 
46.114735 26.006172 -60.871147 6.229725 0.262060 -0.086263 
46.009853 25.445463 -61.306767 5.910320 -1.824025 -0.853597 
45.883865 26.029888 -59.895527 5.652913 0.299340 2.694720 
45.880299 25.776318 -59.897614 5.617950 -0.733942 2.632400 
44.298874 23.788879 -59.984978 3.324509 -4.217206 3.252703 
44.085110 23.846144 -59.725151 2.811732 -4.235384 3.683455 
45.459686 24.594839 -61.767948 5.274125 -3.230342 -1.096109 
45.576359 24.716879 -61.609287 5.160839 -3.420618 -1.031779 
45.468742 24.543394 -61.535137 5.176087 -3.486869 -0.708334 
45.586964 24.811632 -61.811554 5.258347 -3.079984 -1.496000 
45.556988 24.915386 -62.069637 5.334189 -2.681705 -1.945259 
44.944366 23.792639 -61.154694 5.280147 -3.158644 1.258295 
43.572502 27.488279 -62.182430 -1.801172 5.071798 -3.222471 
44.046852 23.666485 -59.900707 3.076944 -4.066887 3.662736 
41.663322 24.126135 -59.292698 -2.573704 -2.787051 4.995870 
43.330017 27.799078 -59.963116 -1.904448 5.758049 1.590643 
45.318985 24.544922 -60.233978 4.340067 -4.147485 1.823965 
41.925957 26.898623 -60.064949 -4.132758 4.352193 1.787921 
45.477905 24.515511 -61.268093 5.017576 -3.759932 -0.156517 
42.551929 25.382647 -58.648499 -1.357140 -0.211574 6.115302 
42.096405 24.575893 -58.903614 -1.765006 -1.991566 5.632597 
44.559151 26.203398 -63.268806 0.838505 0.947204 -2.827685 
41.477535 23.956942 -59.476273 -1.351856 -1.248990 2.511997 
41.473194 24.237724 -59.348545 -3.208089 -2.208625 4.920544 
42.618248 27.397709 -59.855167 -3.545161 4.723477 2.066732 
45.138203 24.060560 -61.241982 5.120170 -3.578453 0.650556 
42.168865 24.267750 -59.025131 -1.272182 -2.867520 5.409458 
45.654636 26.100325 -62.365971 5.499354 0.668104 -2.925264 
41.421005 26.571505 -61.442890 -4.272078 4.586216 -0.363950 
42.058689 24.002756 -59.210968 -1.338529 -3.323146 5.138639 
41.794174 23.974735 -59.325676 -2.049126 -3.001411 5.120584 
41.944679 23.832550 -59.355587 -1.490495 -3.012196 5.301913 
42.871292 26.185341 -58.656296 -1.801036 1.669332 5.729536 
45.324696 24.320921 -61.483162 5.240857 -3.452152 -0.203256 
43.801193 24.091776 -59.310406 2.057020 -3.887081 4.479806 
43.152668 27.227530 -62.316242 -2.104509 5.180548 -2.845904 
42.217556 26.119223 -58.948242 -3.059246 2.493421 4.874423 
43.747276 27.506796 -62.240097 -1.485801 5.117704 -3.315430 
45.481800 24.584360 -60.659058 4.763769 -3.977429 0.916105 
41.949409 26.345013 -59.306667 -3.674784 3.249821 3.914401 
42.168839 26.882454 -59.626678 -3.784795 4.037612 2.922515 
41.976181 26.822485 -59.817699 -4.024790 4.124061 2.458366 
44.849575 24.082357 -60.267128 3.976437 -4.286557 2.290461 
44.802422 26.014853 -63.252186 1.192686 0.636168 -2.910385 
42.849777 27.677999 -60.680832 -2.829287 5.598449 -0.120559 
42.789940 27.643799 -60.475910 -3.016114 5.482195 0.353408 
45.142414 27.270571 -62.182884 3.824475 4.433816 -2.202818 
42.631809 24.092648 -59.071182 -0.193218 -3.460455 5.229638 
42.372410 24.008284 -59.147751 -0.692555 -3.449679 5.187574 
42.503983 24.261190 -58.974503 -0.566342 -3.055965 5.437879 
42.434635 24.944639 -58.724075 -1.157402 -1.245573 6.028807 
42.300709 26.920675 -62.290833 -1.798151 5.909968 -1.093652 
45.168877 24.849016 -59.558537 3.711489 -3.583640 3.548819 
44.014839 24.626060 -58.998455 1.923877 -3.183856 5.053234 
44.223732 24.611773 -59.095654 2.258197 -3.368344 4.782074 
46.084667 26.124413 -61.130238 6.129728 0.887391 -0.771962 
42.312065 26.990345 -62.051205 -2.303476 5.503552 -1.937442 
45.649807 26.491245 -62.175354 5.434644 1.963154 -2.433406 
45.069992 24.503748 -59.863029 3.736246 -4.162235 2.819614 
44.785152 26.429703 -63.163250 0.649233 1.579333 -6.012847 
44.839863 26.204374 -63.190151 1.728469 0.994698 -5.940173 
43.334843 26.700764 -58.714069 -1.434145 2.502253 5.546341 
42.980782 27.650869 -61.306217 -2.490942 5.541978 -1.529369 
42.971649 27.557980 -61.567116 -2.523932 5.312854 -2.159443 
42.277973 27.169760 -61.574291 -3.116365 5.110907 -1.867881 
45.972084 26.102446 -61.625599 5.874324 0.940903 -1.911962 
44.887821 24.416746 -59.771160 3.452114 -4.241620 3.078289 
44.726410 24.410540 -59.613213 3.183175 -4.133526 3.478258 
43.280930 24.475912 -58.888371 0.859055 -2.922927 5.476213 
43.352253 26.112457 -58.553051 -0.581859 0.685889 6.204442 
43.242184 26.272205 -58.592251 -1.040126 1.342437 6.025384 
45.573341 25.243607 -59.663834 4.621940 -2.855608 3.088249 
45.674999 25.442371 -59.664619 5.056914 -1.966678 3.073865 
45.819073 25.522392 -59.891460 5.457484 -1.726290 2.518562 
43.808426 27.992439 -60.370735 -0.598365 6.195797 0.436452 
43.069221 24.703005 -58.757938 0.384369 -2.319690 5.804646 
42.753918 27.580669 -61.136280 -2.923237 5.429095 -1.097909 
42.952618 24.461222 -58.860748 0.321967 -2.801429 5.598405 
45.692909 26.270910 -62.225048 5.521103 1.361767 -2.646930 
42.781891 24.257908 -58.964058 0.054458 -3.161715 5.409278 
42.510807 27.292831 -61.605915 -2.926608 5.107251 -2.176996 
45.367191 24.511932 -60.447105 4.503483 -4.135994 1.387586 
45.312744 24.410542 -60.598885 4.535481 -4.177652 1.184930 
45.485806 25.001625 -62.341156 5.370918 -2.151643 -2.431131 
41.717155 23.771049 -59.459751 -0.978751 -1.348402 2.633610 
45.548370 25.079092 -59.804543 4.588709 -3.273111 2.733150 
42.570560 27.089298 -59.437172 -3.431359 3.961879 3.437873 
45.332253 24.367798 -61.740887 5.417375 -3.099518 -0.695649 
