37.433804 21.057045 -47.523560 -2.983588 3.323774 -4.181881 
37.221016 20.993782 -47.329037 -4.634761 3.427100 -1.307208 
37.456543 21.237337 -47.363892 -3.688555 4.031148 -2.266628 
37.598263 19.340210 -47.660339 -1.931544 -5.459786 -1.530176 
37.615753 19.501184 -47.941914 -0.743206 -3.257938 -4.480895 
37.831768 19.388390 -47.834644 0.085111 -4.341230 -4.016249 
37.380714 19.442850 -47.455067 -3.419233 -5.018426 0.621369 
37.359688 19.480028 -47.760910 -3.003357 -4.481242 -2.137478 
40.264450 19.148029 -45.541401 4.135794 -4.627160 -0.854270 
40.301559 19.139690 -45.260307 4.132043 -4.676222 -0.363626 
40.093266 18.992086 -45.388596 3.537918 -5.143527 -0.512124 
39.195423 18.719660 -46.269554 0.840964 -6.039544 -1.188547 
39.251408 18.695015 -46.002144 0.908071 -6.158181 -0.559480 
38.977028 18.684607 -46.077816 -0.226085 -6.199638 -0.648504 
37.852825 19.252172 -47.574635 -1.282599 -5.712004 -1.662564 
37.566475 21.375853 -47.119106 -3.912438 4.561511 0.599507 
37.744106 21.516827 -47.159908 -3.418575 4.992770 0.139780 
37.682114 21.411053 -47.373604 -3.252806 4.206688 -2.793598 
37.807888 19.609243 -47.971275 0.967837 -1.270316 -5.689309 
39.936176 19.016010 -46.121628 3.578975 -4.977538 -1.280923 
39.885147 18.918247 -45.819393 3.176323 -5.327664 -0.883560 
39.684788 18.836582 -46.006584 2.795698 -5.515133 -0.946451 
40.300564 20.266088 -46.891453 5.194519 0.525817 -3.412781 
40.137531 20.415039 -47.068752 4.643159 1.369316 -3.942278 
40.271568 20.543587 -46.847015 4.844239 1.468827 -3.679468 
37.573738 20.311985 -47.823952 0.171887 1.696732 -6.034140 
37.663082 20.034916 -47.903049 0.455492 1.896813 -5.962891 
37.373219 20.132877 -47.873207 -1.356519 1.627599 -5.765721 
37.579468 19.709089 -46.190353 -5.676156 -2.602436 0.416340 
37.593178 19.623013 -46.468472 -5.165684 -3.408919 0.948183 
37.730556 19.457865 -46.262180 -4.980795 -3.806620 0.058293 
39.875858 18.873661 -45.532433 2.940563 -5.499526 -0.562291 
39.884579 18.857405 -45.238071 2.827775 -5.581668 -0.198375 
40.178402 22.151142 -45.861816 2.387958 4.662459 -3.348485 
40.104183 22.316719 -45.649025 1.936142 5.288550 -2.510678 
40.324436 22.183983 -45.669575 3.284853 4.641036 -2.510921 
40.524616 20.022120 -46.405510 5.681272 -1.168585 -2.364037 
40.528217 20.293503 -46.460888 5.633254 -0.194352 -2.755297 
40.633728 20.197725 -46.222782 5.730163 -0.737251 -2.416482 
40.105999 18.982679 -45.091667 3.505508 -5.176844 0.004310 
39.050766 18.670103 -45.810078 0.097101 -6.258997 -0.282592 
38.617359 21.550957 -46.434578 -2.053704 5.741664 -0.684860 
38.360035 21.480677 -46.571701 -1.831467 5.727146 1.520112 
38.398193 21.479887 -46.272572 -2.857473 5.372588 -1.027149 
39.871361 19.060223 -46.450909 3.526917 -4.927741 -1.553269 
40.121670 19.237593 -46.336807 4.266528 -4.317368 -1.543117 
40.550888 21.414299 -46.143929 4.660490 1.990478 -3.634247 
40.391674 21.675222 -46.157085 3.711555 2.887869 -4.050543 
40.610687 21.610271 -45.940754 4.812682 2.324514 -3.191620 
40.258274 22.325209 -45.442158 2.866876 5.241195 -1.526308 
40.427929 20.101130 -43.818077 4.437620 -2.461719 3.697785 
40.583511 20.326677 -43.862099 4.720407 -2.297744 3.436985 
40.416004 20.337933 -43.646912 4.372162 -2.560050 3.711937 
40.601154 20.711010 -46.302013 5.421641 0.507509 -3.105258 
40.508778 20.547073 -46.488464 5.389445 0.517101 -3.154396 
40.451145 20.790199 -46.512203 4.926705 1.210385 -3.675284 
37.652012 20.896004 -46.402245 -4.945184 2.889896 2.496708 
37.470703 20.798540 -46.593697 -4.691431 2.264865 3.499563 
37.543926 20.623875 -46.361099 -5.362793 2.190959 2.303255 
37.442490 19.655027 -47.980618 -1.674970 -1.468495 -5.015569 
37.637737 19.765232 -47.991310 0.269430 0.530990 -6.024732 
37.238918 19.668568 -47.859940 -3.751231 -1.919376 -3.416725 
37.416817 19.883469 -47.957726 -1.442899 1.058928 -5.702576 
40.385948 20.623938 -46.659607 4.988743 1.254757 -3.571877 
37.758175 21.446358 -46.928406 -3.230990 4.650279 2.522023 
40.480583 21.856689 -45.908794 4.162096 3.238834 -3.318713 
40.412529 20.402334 -46.677345 5.370585 0.567895 -3.173188 
37.650360 19.316380 -47.309074 -2.836560 -5.463729 0.654793 
40.646805 21.008181 -43.329670 2.509791 -1.478784 0.922676 
40.716145 21.013559 -43.628983 5.714361 -2.030823 1.502005 
40.785389 21.203690 -43.516026 2.831605 -0.992557 0.359165 
37.506283 19.973711 -46.123192 -6.131753 -1.082479 0.667468 
37.463200 19.910192 -46.413521 -5.759748 -1.855323 1.545764 
40.610744 20.069057 -44.081348 4.890295 -2.371407 3.122081 
40.715355 19.942141 -44.381561 5.382285 -2.323412 2.136959 
40.790981 20.217815 -44.292641 5.444927 -2.143041 2.191935 
38.480328 19.294743 -43.693996 -2.464718 -4.386060 3.627024 
38.445911 19.517536 -43.492157 -2.680980 -3.663099 4.253078 
38.269588 19.448547 -43.706341 -3.450904 -3.846427 3.525983 
40.629761 20.452843 -46.268661 5.647339 -0.078428 -2.717007 
39.473152 18.738939 -45.925888 1.853923 -5.944802 -0.568551 
39.458935 18.763794 -46.159878 1.985615 -5.800214 -1.102273 
40.429733 20.133507 -46.666012 5.604093 -0.353618 -2.726024 
40.302464 19.965942 -46.886253 5.317172 -0.841759 -3.066000 
37.944305 21.245964 -46.416348 -3.584052 4.761616 1.861830 
38.170372 21.368439 -46.357922 -2.909336 5.481356 0.635002 
38.082325 21.402231 -46.596851 -2.288454 5.266106 2.489045 
38.081120 20.176624 -43.408512 -4.444042 -1.242650 4.174379 
37.886536 20.088709 -43.685123 -5.141747 -1.201931 3.266348 
38.037846 19.868927 -43.582672 -4.416870 -2.220319 3.730939 
38.566322 19.732496 -47.843868 0.689248 -0.692442 -6.138269 
38.373074 19.946360 -47.850613 0.355649 0.852550 -6.190214 
38.657413 19.987335 -47.831409 0.354617 0.505767 -6.228646 
38.469784 20.212900 -47.791740 -0.071575 1.203307 -6.164436 
39.674458 18.895540 -46.295151 2.870151 -5.385773 -1.401724 
39.646149 18.760830 -45.377056 2.090733 -5.895579 -0.248345 
39.618233 18.770845 -45.701839 2.225254 -5.824459 -0.486534 
40.167992 19.186596 -46.039486 4.183209 -4.473791 -1.356116 
40.403240 19.846485 -46.613869 5.559229 -1.614233 -2.325988 
37.359642 21.166681 -47.071926 -4.455244 3.819196 1.217378 
40.265369 20.137535 -43.616070 4.119586 -2.593778 3.969943 
40.256321 19.913536 -43.748108 4.138297 -2.580474 3.954174 
37.842178 20.249128 -47.809689 0.661472 1.682136 -6.009267 
40.464916 22.159126 -45.468582 4.041860 4.453671 -1.633139 
37.147888 19.632084 -47.576069 -4.709756 -3.221728 -0.512250 
37.889648 19.803268 -43.852558 -5.019324 -2.364465 2.836347 
37.931877 21.606230 -47.033695 -2.440052 5.229818 1.652623 
37.565838 21.241852 -46.857365 -3.849675 3.968684 2.855358 
37.733219 20.974764 -45.664822 -5.498168 2.831883 -1.074912 
37.814976 21.193098 -45.506767 -5.381982 2.982012 -1.221800 
37.875355 21.168108 -45.783573 -5.145223 3.333325 -1.359866 
39.657669 18.759903 -45.084915 2.026749 -5.920332 0.099181 
37.202648 20.900118 -47.006145 -4.945880 2.830666 2.126381 
37.948009 19.552832 -44.022858 -4.697110 -3.303818 2.471876 
37.779297 19.752632 -44.131824 -5.266147 -2.485572 2.262722 
38.822376 21.679546 -46.322243 -2.017500 5.285748 -2.677617 
38.586906 21.641176 -46.168659 -2.923784 4.888249 -2.617069 
38.779610 21.838776 -46.041439 -2.574133 4.573588 -3.441795 
37.313519 20.389919 -47.786274 -1.811312 1.626057 -5.624217 
37.112423 20.187693 -47.734062 -4.174327 0.859195 -4.074616 
37.091698 20.457361 -47.628666 -4.501998 1.541852 -3.492904 
40.075279 19.017452 -45.661438 3.653807 -5.018947 -0.857833 
40.223572 19.169626 -45.794312 4.194536 -4.518209 -1.159075 
40.723446 20.333006 -44.065231 5.088694 -2.126367 2.971002 
40.727146 20.592628 -43.908134 5.169671 -1.795881 3.056391 
37.827179 21.537727 -44.185543 -3.103723 0.182851 -0.408412 
37.808975 21.254152 -44.132858 -6.215562 0.568413 -0.224855 
37.788559 21.330229 -43.975842 -3.118344 -0.044094 -0.130846 
38.065742 19.604424 -43.759491 -4.218236 -3.246646 3.186604 
40.696560 20.884201 -46.101440 5.561691 0.508046 -2.830549 
40.641670 21.154127 -46.129288 5.218428 1.177331 -3.229886 
40.779171 21.067812 -45.888523 5.706309 0.624614 -2.496514 
38.666580 19.022787 -47.168312 -0.335773 -5.792245 -2.312061 
38.747314 18.922491 -46.911068 -0.616021 -5.894507 -1.982262 
38.452835 18.999821 -46.985401 -1.488299 -5.898826 -1.461614 
39.431576 18.704813 -44.928192 1.215101 -6.123460 0.398028 
39.420471 18.695976 -45.207485 1.237263 -6.140437 0.004173 
40.472282 21.224243 -46.329121 4.435919 1.795099 -4.007589 
38.862392 19.110823 -47.334923 0.644811 -5.327675 -3.194183 
39.150200 19.125601 -47.271709 1.306278 -5.084705 -3.391232 
38.965076 18.995037 -47.097755 0.487468 -5.617613 -2.687362 
40.131138 19.816025 -47.103725 4.955465 -1.240713 -3.521710 
39.979736 19.979845 -47.312923 4.374028 -0.242847 -4.391060 
40.156212 20.120638 -47.108501 4.888208 0.187404 -3.855891 
37.681068 19.516674 -45.981140 -5.343767 -3.255440 -0.253632 
40.409859 19.846693 -43.963657 4.458955 -2.582647 3.569588 
38.228481 19.678869 -43.525200 -3.541443 -3.101067 4.076654 
39.054123 18.884542 -46.829990 0.411658 -5.783867 -2.303141 
37.839821 21.390110 -44.629135 -5.959162 1.947684 0.103410 
37.732746 21.126846 -44.640938 -5.816865 2.329784 0.430841 
37.807137 21.252592 -44.368809 -6.028126 1.603127 0.173091 
37.503437 20.073463 -45.865211 -6.249926 -0.394527 -0.041964 
37.518848 19.867983 -45.629654 -6.081500 -1.359828 -0.306662 
37.485973 20.232868 -45.572330 -6.215881 0.355170 -0.361461 
37.809628 21.297081 -46.664360 -3.225524 4.418228 3.035985 
39.387970 18.693935 -45.484512 1.238549 -6.134590 -0.202733 
37.118500 20.726963 -47.486546 -4.763340 2.514962 -2.552639 
37.000183 20.484875 -47.344822 -5.902237 1.101637 -0.443680 
37.555466 19.782022 -45.913456 -5.955694 -1.901308 -0.097805 
40.883762 20.779652 -44.099777 5.660264 -0.789711 2.374910 
40.774849 20.895981 -43.848156 5.658879 -1.060044 2.460811 
39.320023 18.691877 -45.748455 1.095966 -6.158008 -0.286915 
37.286175 20.638359 -47.700340 -2.476212 2.155755 -5.025012 
40.383499 21.437597 -46.306610 3.828949 2.431969 -4.306019 
38.292362 20.441042 -47.740547 -0.057425 0.983816 -6.186833 
38.594349 20.504021 -47.743858 -0.257603 0.742185 -6.223759 
37.848125 21.750183 -44.402298 -3.072207 -0.328801 -0.596661 
37.853802 21.967052 -44.625282 -2.826313 -0.340335 -1.085609 
37.904396 21.657360 -44.623531 -6.085437 0.349595 -0.972583 
37.631367 19.570803 -45.695133 -5.558733 -2.836732 -0.311682 
40.214836 19.677004 -43.866238 4.020801 -2.913120 3.827826 
39.298981 19.009859 -47.014416 1.460413 -5.386162 -2.785156 
37.485958 20.230892 -44.931396 -6.233852 0.091358 0.581161 
37.485516 20.004158 -45.030018 -6.150960 -0.824394 0.457794 
37.513191 20.067598 -44.770283 -6.135457 -0.701363 0.984146 
40.325661 19.159472 -44.926399 4.181511 -4.616501 0.393472 
40.081730 18.984282 -44.785980 3.428366 -5.155432 0.743706 
40.253159 20.346024 -43.462372 4.054384 -2.809855 3.888934 
37.167427 19.914259 -47.829433 -4.014679 -0.128639 -4.031100 
37.790886 21.288328 -44.876614 -5.770542 2.475256 -0.038441 
37.672089 21.018681 -44.904842 -5.806054 2.368733 0.102764 
40.001431 19.230274 -46.633331 4.081537 -4.408021 -1.746544 
39.979362 20.275379 -47.281410 4.337028 0.982739 -4.376804 
38.478493 19.462927 -47.780140 0.832438 -2.776871 -5.460934 
38.750603 19.544714 -47.773922 0.997401 -2.206122 -5.713519 
38.687252 19.365652 -47.684589 0.925910 -3.736753 -4.880017 
40.712635 21.344681 -45.926239 5.369028 1.418916 -2.864081 
39.469463 19.149498 -43.812946 1.637622 -4.690369 3.776649 
39.491142 19.380779 -43.574799 1.910990 -4.054180 4.346225 
39.237015 19.229677 -43.641224 0.988569 -4.579171 4.123685 
39.124287 18.663582 -45.550713 0.326981 -6.256719 -0.147028 
37.621807 20.886478 -45.150402 -5.839750 2.259082 -0.267641 
37.754501 21.183519 -45.179588 -5.638545 2.680820 -0.564693 
38.330719 18.959726 -46.520699 -2.860266 -5.507835 -0.879425 
38.526245 18.910721 -46.710732 -1.785055 -5.833771 -1.340998 
38.582268 18.828167 -46.412498 -1.970945 -5.792599 -1.329662 
38.896633 18.730341 -46.355099 -0.678540 -5.997764 -1.381366 
38.686848 18.735117 -46.141598 -1.579360 -5.962356 -0.893716 
37.395649 20.994297 -46.807774 -4.395312 2.919543 3.303971 
40.986206 20.610832 -44.690914 6.155588 -0.994060 0.420120 
40.912930 20.401415 -44.483604 5.877136 -1.693417 1.237128 
40.926991 20.324558 -44.774696 6.037279 -1.610624 0.394926 
40.975906 20.533718 -44.980713 6.152948 -1.081991 -0.294673 
40.853176 20.492376 -44.199677 5.541310 -1.694451 2.302191 
40.870678 20.179918 -45.322651 6.077333 -1.324084 -0.764967 
40.909813 20.259869 -45.059338 6.093048 -1.456165 -0.287174 
40.838226 19.998768 -45.127960 5.996164 -1.819166 -0.200188 
39.797676 20.131699 -47.462749 3.866699 0.366166 -4.890069 
40.445641 19.311140 -45.444435 4.680642 -4.083740 -0.770295 
38.822514 18.827944 -46.633427 -0.816558 -5.937865 -1.799138 
39.127403 18.783739 -46.551308 0.579405 -5.878505 -1.891840 
38.300934 19.679127 -47.870144 0.868073 -0.645626 -6.117231 
40.549648 20.971197 -46.326702 5.013070 1.095305 -3.570389 
40.010464 20.969786 -46.869976 3.653495 3.091985 -4.054257 
39.910160 21.218227 -46.741398 2.852638 3.504897 -4.348507 
40.142838 21.126532 -46.653797 3.354132 2.746451 -4.530298 
37.060619 20.729805 -47.193283 -5.503459 2.122829 0.528033 
40.643692 21.959705 -45.481789 4.881913 3.467554 -1.592428 
40.651608 21.791418 -45.713047 4.962083 2.789002 -2.492008 
40.504799 22.011736 -45.693253 4.206603 3.818555 -2.505495 
37.583401 19.638811 -45.401871 -5.695467 -2.528701 -0.149265 
39.208866 18.669983 -45.050350 0.533395 -6.241307 0.243231 
38.144119 20.171278 -47.801910 0.360688 1.504984 -6.077495 
38.289719 19.297123 -47.685146 0.479273 -4.548114 -4.146358 
38.235771 19.467464 -47.824905 0.855602 -2.767173 -5.440695 
38.766327 20.238230 -47.796909 0.069519 0.850080 -6.213912 
38.106419 19.200706 -47.535198 -0.585682 -5.662973 -2.327513 
38.057915 19.334766 -47.752689 0.249873 -4.434925 -4.150363 
37.691570 20.957605 -44.404240 -5.875105 1.998428 0.897865 
40.128716 20.165884 -43.463749 3.836459 -2.752064 4.143311 
38.256081 19.033262 -46.780975 -2.660238 -5.620746 -0.718889 
39.989613 22.492805 -44.932655 0.947476 3.127384 -0.280335 
40.279716 22.383827 -44.788403 1.626677 2.847013 -0.103943 
40.303894 22.358171 -45.007797 3.067276 5.420347 -0.397531 
40.961334 20.688301 -44.391571 6.000060 -0.914211 1.333443 
41.007915 20.910875 -44.599552 6.204981 -0.064459 0.604635 
37.859306 19.288027 -46.051041 -4.713952 -4.119264 -0.441807 
40.957291 20.996351 -44.299141 5.978504 0.337888 1.596857 
37.679043 20.964251 -45.399422 -5.659108 2.578778 -0.811789 
37.360035 20.489923 -46.582924 -5.231051 1.104372 3.232582 
37.571987 20.745132 -44.919907 -5.995413 1.797572 0.240202 
38.234051 19.945057 -43.357639 -3.634251 -2.190725 4.551435 
40.853210 20.056326 -44.859161 5.966129 -1.874964 0.387199 
40.274143 21.300579 -46.469872 3.427485 2.456155 -4.614003 
39.715809 19.096161 -44.013981 2.280445 -4.741992 3.321952 
39.729137 19.319004 -43.764233 2.564514 -4.053068 4.002255 
37.331375 20.870834 -47.594940 -2.949435 3.003650 -4.354794 
40.971069 21.214867 -44.504864 6.041050 1.114431 1.012697 
40.868778 21.324369 -44.208576 6.035475 1.091217 1.301406 
37.277630 20.726236 -46.786404 -4.755114 1.813320 3.628133 
40.852097 21.072374 -44.030983 5.971760 0.214491 1.891268 
40.931816 20.491068 -45.287380 6.119408 -0.957141 -0.979534 
38.041721 19.586121 -47.903275 1.131432 -1.502066 -5.804614 
40.821850 21.737234 -44.750851 5.634535 2.708762 0.478692 
40.934902 21.456551 -44.703213 5.926549 1.863730 0.613124 
40.898193 21.597113 -44.927540 5.798828 2.327939 0.093677 
39.036957 21.820017 -46.230042 -1.660563 4.828321 -3.641298 
39.250797 21.952311 -46.155842 -1.294722 4.589631 -4.077112 
39.276752 21.765059 -46.368458 -0.635586 4.733117 -4.066224 
37.907215 21.424744 -45.351219 -5.375589 2.965615 -1.277312 
39.879505 18.855494 -44.942680 2.748438 -5.603866 0.337759 
37.880619 21.463057 -45.076527 -5.674273 2.589411 -0.708728 
39.818283 19.430805 -47.250187 3.447754 -3.358850 -3.790072 
39.929825 19.688656 -47.304646 4.118628 -1.722476 -4.225948 
40.038471 19.532505 -47.077934 4.566622 -2.746294 -3.086161 
37.485352 19.951723 -45.325729 -6.134995 -0.977493 -0.133396 
39.840420 18.873232 -44.649887 2.619951 -5.539053 1.177353 
39.897949 20.579708 -42.970184 1.478095 -1.633731 2.245526 
40.054573 20.491304 -43.158916 3.477918 -3.290324 4.062205 
40.169231 20.701576 -43.066025 1.699935 -1.822364 1.905877 
40.744301 21.878805 -45.238686 5.344405 3.131217 -0.715605 
40.796818 21.808434 -44.990078 5.507397 2.976698 -0.056164 
40.887188 21.594891 -45.198460 5.778162 2.199026 -0.738113 
37.668236 20.762806 -46.108536 -5.590342 2.710015 0.658278 
40.226311 20.548134 -43.276764 3.798793 -3.394225 3.660315 
40.431206 20.835783 -43.175610 2.068188 -1.772878 1.455301 
38.176487 19.027828 -46.329048 -3.663429 -5.043392 -0.698273 
38.101051 19.106701 -46.568195 -3.599526 -5.123283 -0.333715 
37.941860 19.228170 -46.350388 -4.317205 -4.546768 -0.254028 
37.129436 20.670530 -46.959133 -5.202150 1.455749 2.903473 
39.317013 22.565502 -45.081528 0.077526 3.039693 -0.950182 
39.660889 22.544357 -45.021931 0.381277 3.140213 -0.551413 
39.525005 22.499228 -45.290684 0.204258 6.064831 -1.588357 
37.625568 20.858545 -44.668419 -5.929547 1.959780 0.541961 
40.279282 19.372049 -44.228085 4.192872 -3.677522 2.810794 
40.354736 19.593977 -44.094780 4.363875 -3.052325 3.287145 
40.154953 19.441359 -43.998379 3.796055 -3.445942 3.577150 
40.545856 19.764935 -44.217209 4.851227 -2.689189 2.877672 
39.442600 18.736050 -44.657909 1.237371 -6.007693 1.117250 
39.651821 18.774223 -44.803562 2.000642 -5.887093 0.666968 
39.627453 18.808626 -44.564739 1.934351 -5.751626 1.491414 
38.423981 19.770988 -43.325951 -2.797946 -2.888991 4.774090 
40.657845 22.028454 -45.029022 5.064898 3.677271 -0.217929 
40.688450 21.983122 -44.799812 5.249327 3.413344 0.224657 
37.549774 19.722080 -45.114914 -5.815620 -2.176536 0.327619 
38.838615 19.778738 -47.812668 0.850296 -0.735207 -6.140479 
38.409664 18.909788 -44.509941 -2.810484 -5.318893 1.694057 
38.446129 18.996342 -44.226044 -2.668871 -5.157279 2.281374 
38.251129 19.053307 -44.380569 -3.472350 -4.835607 1.907686 
37.764660 19.404449 -46.535877 -4.533757 -4.310131 0.496321 
40.739521 21.838612 -44.175716 2.985507 1.028234 0.039975 
40.795605 21.630566 -43.955044 3.094703 0.518504 0.131171 
40.807739 21.613503 -44.281300 5.990458 1.763404 0.572621 
40.252701 20.831890 -46.730072 4.290267 2.132331 -4.028619 
40.631981 19.679247 -44.492229 5.213716 -2.854639 1.876264 
38.007336 19.176626 -46.812965 -3.377018 -5.278937 0.063247 
37.921329 19.251211 -46.611687 -4.057208 -4.788226 0.176565 
37.760860 19.344276 -45.464783 -5.041443 -3.693227 -0.127368 
39.140549 21.179678 -47.587158 3.489279 2.065981 -4.578356 
38.900322 21.206976 -47.704372 1.606019 1.100721 -5.767770 
39.048649 21.372587 -47.574162 3.504847 2.838903 -3.758719 
39.413471 18.818668 -46.434162 1.926786 -5.710603 -1.663846 
39.981075 19.535538 -43.754124 3.376314 -3.359038 4.055207 
40.239311 19.139925 -44.618252 3.968825 -4.636687 1.317454 
37.450783 19.752316 -46.682693 -5.070889 -3.105226 1.971840 
38.695427 19.378902 -43.495918 -1.412144 -4.214870 4.316905 
38.645638 19.631197 -43.306889 -1.702845 -3.392863 4.908907 
38.840431 19.792927 -43.163200 -0.788406 -3.048786 5.379416 
38.616226 19.893536 -43.166763 -1.929282 -2.642044 5.305796 
37.124332 19.979826 -47.075737 -5.258826 -2.061925 2.616763 
37.009022 20.027632 -47.308067 -5.784159 -1.415675 1.231227 
37.103844 19.795061 -47.305111 -5.169952 -2.834583 1.638499 
38.825020 18.745199 -44.554016 -1.088238 -5.875310 1.726526 
38.585396 18.780304 -44.679600 -2.122980 -5.704016 1.339187 
38.788849 18.694067 -44.837669 -1.123299 -6.073739 0.785939 
40.838112 20.128176 -44.575119 5.816335 -2.004607 1.196819 
37.751637 20.027859 -43.966358 -5.463135 -1.450429 2.649145 
37.548958 20.168228 -44.518772 -6.117436 -0.496416 1.207195 
37.583687 19.887978 -44.579994 -5.879801 -1.626675 1.345426 
37.631504 19.998400 -44.273617 -5.757098 -1.446539 1.835564 
40.365173 21.045237 -46.515549 4.198717 1.886812 -4.229367 
38.604767 21.587929 -46.695503 -0.630832 6.098384 1.091601 
40.017029 22.062609 -46.059254 1.471784 4.414059 -4.078392 
39.927513 22.254055 -45.838829 1.019256 5.128238 -3.357574 
38.009785 21.255577 -46.174500 -4.185690 4.632690 0.053730 
40.155258 22.413458 -45.199322 2.300126 5.747939 -0.712800 
40.392460 22.280180 -45.236221 3.619829 4.990789 -0.805493 
38.344395 19.163399 -47.473972 -0.167570 -5.625128 -2.641011 
39.185207 18.665674 -45.302128 0.494351 -6.253675 -0.021532 
38.527092 19.253956 -47.607460 0.530314 -4.684275 -4.009318 
37.749138 20.498133 -47.761883 0.449859 1.348556 -6.118230 
38.768612 19.236610 -47.537048 0.884960 -4.779680 -3.910964 
38.592365 19.130154 -47.400982 0.135851 -5.534014 -2.892367 
37.294689 19.848515 -46.884575 -4.962213 -2.789652 2.607724 
37.435909 19.621540 -46.928265 -4.398816 -3.926155 2.107634 
38.973763 18.692923 -44.716568 -0.302758 -6.146999 1.069262 
39.068829 18.738277 -44.509789 -0.109857 -5.986190 1.776300 
37.950768 20.362770 -43.537121 -5.137952 -0.462502 3.537607 
37.783890 20.347418 -43.819084 -5.516443 -0.197629 2.943154 
37.555229 20.482836 -46.110687 -5.891102 1.951151 0.787059 
37.260746 19.715757 -47.108437 -4.576757 -3.481562 2.443498 
39.736134 19.565926 -43.549320 2.784029 -3.462626 4.397655 
39.517693 19.634087 -43.380562 2.154466 -3.510549 4.712135 
37.661781 20.225977 -44.075111 -5.715815 -0.609591 2.369091 
37.590805 20.304964 -44.283295 -6.043273 -0.157368 1.543755 
40.109283 19.263947 -44.144764 3.576412 -4.078914 3.091451 
38.830967 18.671227 -45.112026 -0.790547 -6.203707 0.228586 
39.001720 18.668795 -44.938820 -0.129416 -6.248623 0.444403 
38.108318 19.877939 -47.881847 0.852398 0.920580 -6.132561 
40.058464 19.382942 -46.840874 4.513277 -3.688425 -2.191301 
40.190422 19.422586 -46.591736 4.738667 -3.629300 -1.888315 
40.395702 20.568527 -43.453300 4.322776 -3.055854 3.359919 
38.832848 21.590567 -46.581387 -0.618780 6.089288 -0.971598 
37.506962 20.555172 -47.760872 -0.329498 1.663365 -6.020770 
38.183624 19.136560 -47.330811 -1.115885 -6.013058 -1.298112 
40.497311 22.226988 -44.602783 2.406835 2.149530 0.032650 
40.567005 22.151747 -44.863945 4.730209 4.084955 -0.053686 
39.731178 19.821430 -43.368320 2.938541 -3.057493 4.615929 
39.934006 19.780478 -43.539841 3.407361 -2.929424 4.375064 
38.605022 21.711040 -47.472427 0.954317 4.901474 -2.149808 
38.615238 21.700655 -47.180161 1.302763 5.962633 0.910237 
38.832108 21.636591 -47.304668 2.587967 5.489717 -0.498414 
40.619869 19.943573 -46.130039 5.647410 -1.678794 -2.074891 
40.823124 21.421640 -43.736603 3.097252 -0.155204 0.003384 
40.817730 21.315926 -43.944946 6.207299 0.184414 0.766085 
39.451111 19.996222 -43.110966 1.884469 -2.979119 5.158330 
39.522499 20.238083 -43.010658 1.878686 -2.919730 5.226572 
39.333351 20.150993 -42.996567 1.148253 -2.764119 5.497152 
40.088894 20.700174 -46.983997 4.250920 2.331239 -3.961614 
39.942463 20.563946 -47.211555 4.200511 2.013353 -4.183568 
39.877525 20.837233 -47.105713 3.917917 2.955061 -3.899953 
40.666016 19.612274 -44.771805 5.412111 -2.978027 0.858655 
40.525105 19.450920 -44.603989 4.895152 -3.553956 1.514342 
39.290489 21.184778 -47.418533 4.082549 3.299661 -3.368192 
39.283108 20.951200 -47.583187 3.086855 2.059577 -4.929310 
38.459747 21.032625 -47.717266 -0.546235 0.213156 -6.251448 
38.541203 20.793245 -47.725121 -0.308542 0.204460 -6.271202 
38.302086 20.850708 -47.709667 -0.386655 0.350330 -6.260218 
38.198490 21.401947 -46.105068 -3.586037 4.901691 -1.381090 
38.934761 18.842979 -44.254078 -0.646507 -5.730918 2.413616 
40.770447 19.801943 -44.952194 5.790741 -2.354295 0.264919 
38.245644 19.179762 -44.119663 -3.546127 -4.531192 2.440406 
40.499828 19.332636 -45.158833 4.788423 -3.984696 -0.197888 
38.014191 20.451727 -47.745663 0.352209 1.134176 -6.154040 
37.906815 20.692869 -47.716274 0.132351 0.981396 -6.201208 
37.616459 20.760798 -45.554546 -5.789428 2.273606 -0.828399 
37.658897 20.765890 -45.811108 -5.699010 2.553524 -0.628893 
39.199757 18.690329 -44.757816 0.439205 -6.179465 0.845804 
38.130844 21.831448 -45.337059 -4.903225 3.035351 -2.419938 
38.055504 21.904001 -45.063957 -5.434854 1.765318 -2.463571 
38.206089 22.045654 -45.220688 -4.556026 2.911181 -3.152675 
40.316227 19.467642 -46.342365 4.949516 -3.434217 -1.687887 
40.280491 19.340815 -46.152988 4.632050 -3.944320 -1.511114 
40.711349 19.922220 -45.814495 5.784271 -1.821293 -1.505634 
40.571457 19.696327 -45.985260 5.396841 -2.643004 -1.723172 
39.562653 19.353630 -47.356018 2.411725 -3.908439 -4.158158 
39.426575 19.497837 -47.532322 2.371881 -3.134997 -4.842520 
39.685894 19.580887 -47.440899 3.091027 -2.454380 -4.784994 
40.763939 19.861969 -44.668304 5.700805 -2.305372 1.094356 
39.028137 21.514666 -47.371735 3.451806 4.736063 -1.460538 
38.965347 21.556334 -47.167229 2.932377 5.533036 0.238014 
40.780998 21.709881 -45.475544 5.494510 2.481169 -1.599345 
40.196190 21.555828 -46.375683 2.753792 3.011463 -4.714215 
39.920597 22.479881 -45.177864 1.240815 6.082336 -0.870224 
37.793686 19.331322 -45.776497 -4.961181 -3.804176 -0.445237 
40.625427 19.541395 -45.389252 5.319636 -3.189843 -0.690049 
39.245407 20.247837 -47.747925 1.495878 0.549074 -6.044325 
39.037182 20.243662 -47.781654 0.679445 0.603129 -6.202277 
39.176537 20.447258 -47.737183 1.266471 0.884140 -6.062829 
37.867458 19.827040 -47.940697 1.174367 1.075307 -6.015619 
40.233147 19.645187 -46.822784 5.133845 -2.413988 -2.545855 
37.961170 21.815876 -44.824356 -5.867537 0.471296 -1.865687 
40.703163 20.124344 -46.002682 5.869470 -1.089865 -1.910856 
37.991421 21.495646 -46.808701 -2.141913 4.992768 3.101954 
39.404518 20.383013 -47.681011 2.438341 0.937591 -5.646017 
38.059387 20.888811 -47.693661 -0.334506 0.769590 -6.223335 
37.804234 20.923021 -47.675308 -0.554269 1.520669 -6.048090 
37.969124 21.122526 -47.648113 -0.998161 1.500913 -5.993456 
39.741329 20.699654 -47.337036 3.995094 2.354802 -4.198888 
39.667110 20.962095 -47.216419 3.865892 3.323322 -3.646727 
39.032246 18.660608 -45.152420 -0.006120 -6.272895 0.115344 
38.644524 18.856684 -44.376118 -1.816959 -5.605555 2.085339 
39.057480 21.659658 -46.473286 -0.605785 5.456648 -2.975388 
37.248890 19.602070 -47.314800 -4.285542 -4.108518 1.791022 
37.674778 21.165234 -47.570366 -1.967993 2.834328 -5.080038 
40.045467 21.388762 -46.554348 2.473106 3.129354 -4.834603 
38.695946 18.965063 -44.070980 -1.524290 -5.379855 2.703089 
38.959145 18.985577 -43.951839 -0.399790 -5.374104 3.128088 
37.976204 19.134632 -45.841503 -4.401489 -4.433686 -0.565404 
37.909130 19.178339 -45.622456 -4.591838 -4.253344 -0.332663 
37.764294 21.111202 -46.466179 -4.198166 3.826200 2.638369 
36.982235 20.225088 -47.464943 -5.861560 0.237097 -1.066736 
37.122017 20.242821 -46.949039 -5.415432 -0.752576 2.996560 
37.008213 20.234755 -47.187569 -5.848367 -0.490042 1.674216 
37.924286 20.034502 -47.870239 0.825390 1.792591 -5.962602 
38.174877 21.624844 -46.930763 -1.101178 5.514176 2.675537 
37.943302 22.177156 -44.832081 -2.469007 0.318152 -1.604197 
38.202564 21.522692 -46.745361 -1.408788 5.380673 2.910960 
37.663544 20.725334 -47.717194 -0.130556 1.564908 -6.068728 
39.042461 21.559044 -46.729656 0.898711 5.972483 -1.578586 
37.699734 19.697496 -44.413094 -5.416308 -2.581440 1.727231 
38.059711 21.616177 -45.469856 -4.973189 3.225735 -2.042074 
38.220783 21.763029 -45.572216 -4.288266 3.575831 -2.851972 
40.462658 19.517975 -44.344162 4.686613 -3.312807 2.470089 
39.096836 19.737959 -43.187698 0.434796 -3.342706 5.243583 
39.003998 19.978088 -43.053917 -0.213710 -2.728466 5.616757 
38.057789 19.036484 -45.142727 -4.122604 -4.697851 0.411868 
38.178558 18.925749 -45.377010 -3.706310 -5.036911 0.040481 
38.276886 18.871675 -45.097374 -3.342560 -5.255157 0.491753 
38.995594 20.960894 -47.704132 1.583251 0.806837 -5.938425 
40.857292 20.343870 -45.561878 6.063032 -0.908985 -1.328537 
40.805992 20.066479 -45.558849 5.976817 -1.460074 -1.189329 
40.778187 20.213715 -45.800301 5.973027 -1.011030 -1.625171 
38.512539 21.758928 -45.918674 -3.242180 4.284588 -3.245869 
38.400124 22.452385 -45.065659 -1.380767 1.932846 -2.032972 
38.676033 22.526548 -45.111801 -0.797248 2.460325 -1.819171 
38.586864 22.288794 -45.350361 -2.589762 4.341881 -3.708771 
40.552212 20.562704 -43.663132 4.762278 -2.389574 3.318424 
40.063885 19.055117 -45.887711 3.791030 -4.862760 -1.137308 
37.894836 21.544943 -44.837402 -5.947599 1.933797 -0.463170 
37.792309 20.677879 -43.848331 -5.708697 0.555150 2.551588 
37.661648 20.474968 -44.069153 -5.764948 0.476200 2.283478 
37.599277 21.063663 -46.624523 -4.144583 3.290744 3.334273 
37.892609 21.580853 -47.345303 -2.596948 4.753308 -2.183776 
38.782562 20.063173 -43.044617 -1.261620 -2.288678 5.670649 
39.790588 19.100800 -46.718632 3.265497 -4.978599 -1.946791 
38.136749 19.387686 -43.938717 -3.992432 -3.945627 2.753416 
41.007599 21.148254 -44.800198 6.195857 0.695477 0.201140 
37.783562 20.974709 -45.932182 -5.347698 3.229076 -0.495934 
40.105213 19.969091 -43.566315 3.819088 -2.654027 4.219282 
37.684090 19.459869 -45.170918 -5.264611 -3.358309 0.249255 
37.425495 19.510429 -47.180943 -3.797966 -4.595062 1.910973 
37.622864 19.422945 -46.997036 -3.779333 -4.782813 1.473234 
37.554169 19.804342 -44.846474 -5.884052 -1.845225 0.951650 
38.911350 20.476690 -47.761803 0.245244 0.770983 -6.219646 
38.314522 19.275387 -43.873615 -3.325410 -4.344078 3.019890 
38.479435 19.123043 -43.944008 -2.496890 -4.888078 2.936520 
37.657150 19.635622 -44.676579 -5.474787 -2.705695 1.321815 
39.785759 20.417675 -47.416843 3.967828 1.402303 -4.627550 
37.011372 19.950796 -47.548138 -5.518382 -1.217009 -1.208826 
38.435223 20.028366 -43.188522 -2.821512 -2.153104 5.134885 
39.210979 21.458284 -46.911858 2.203313 5.572545 -1.756899 
38.997444 21.530207 -46.974663 2.231262 5.835333 -0.298608 
39.701874 21.623079 -46.496227 0.870404 4.042580 -4.724592 
39.507439 21.691870 -46.456936 0.250938 4.392365 -4.473200 
39.685432 21.799250 -46.352177 0.454628 4.055324 -4.761488 
41.013504 20.840828 -44.922379 6.243047 -0.308011 -0.164975 
39.718163 22.140472 -46.021439 0.190245 4.811218 -3.957461 
39.670628 22.326340 -45.757446 -0.005543 5.403872 -3.085036 
40.751587 21.811098 -44.387226 5.797992 2.379881 0.330351 
40.644016 22.038498 -44.392311 2.755357 1.580578 -0.034558 
39.184952 20.056252 -47.771336 1.314489 0.053628 -6.109727 
38.932289 20.019270 -47.807762 0.653108 0.187176 -6.227979 
37.958279 21.676096 -45.002983 -5.809956 2.084745 -1.138302 
39.462173 22.068001 -46.087498 -0.735230 4.683210 -4.068906 
39.235157 22.136614 -45.935265 -1.437761 4.816410 -3.734981 
39.461143 22.236843 -45.867779 -0.723382 5.111866 -3.530428 
37.473061 20.294744 -45.195946 -6.211305 0.473366 -0.020334 
38.393497 19.079967 -47.243511 -0.903991 -5.931881 -1.742105 
38.064407 19.085703 -46.095272 -4.129568 -4.681927 -0.621400 
38.303669 21.966648 -45.447205 -4.032346 3.611312 -3.156709 
39.306629 21.561134 -46.620148 0.763436 5.226270 -3.293411 
37.747150 19.452982 -44.763943 -5.069398 -3.486568 1.195099 
37.786510 19.348049 -44.946316 -4.905717 -3.812827 0.750244 
37.877151 19.297819 -44.722904 -4.687595 -3.975615 1.238007 
37.955372 19.160980 -44.924793 -4.421458 -4.363416 0.795475 
39.026375 19.125748 -43.741936 0.010326 -4.994915 3.752889 
39.211288 19.041500 -43.877319 0.686593 -5.135051 3.486413 
37.603657 20.692890 -44.448620 -6.016206 1.436690 0.953123 
40.967907 21.041725 -45.324844 6.119794 0.171075 -1.305243 
41.002529 21.097710 -45.079807 6.217506 0.405960 -0.535721 
40.994827 20.894712 -45.164989 6.208723 -0.186750 -0.820373 
37.857365 19.502851 -44.291893 -4.882845 -3.375391 1.954086 
39.620045 18.950859 -46.580910 2.662912 -5.366532 -1.798259 
39.297314 19.294849 -47.421577 1.839513 -4.305706 -4.138624 
39.424858 19.178818 -47.218685 1.921210 -4.853829 -3.444353 
40.717907 21.912188 -44.573017 5.469838 3.038605 0.310994 
39.607471 20.268589 -47.587452 3.357674 0.711475 -5.202040 
39.316067 20.413309 -42.862560 0.414450 -1.394520 2.837710 
39.011143 20.395329 -42.877533 -0.379698 -1.167753 2.974760 
39.138420 20.176979 -42.963902 0.099434 -2.585073 5.706012 
39.125431 21.462730 -47.158825 3.422839 5.168549 -0.748387 
39.669113 19.244184 -47.150906 2.694305 -4.602860 -3.215117 
40.983810 20.708275 -45.142113 6.185855 -0.677629 -0.763573 
40.808414 20.488541 -45.818825 5.969254 -0.493165 -1.846304 
39.584183 20.545345 -47.540123 3.484888 1.583201 -4.918057 
39.092270 20.703274 -47.718391 1.308842 0.987043 -6.004977 
40.419174 19.503284 -46.096981 5.056818 -3.309973 -1.664181 
40.335716 19.328386 -45.938046 4.623991 -4.000780 -1.395508 
38.149025 19.110140 -47.074963 -2.169870 -5.829391 -0.543802 
38.503712 22.074289 -45.538815 -3.233268 4.088774 -3.485136 
38.375992 22.179075 -45.293571 -3.557531 3.645639 -3.652842 
38.410103 21.868969 -45.681179 -3.601068 3.924433 -3.320067 
40.468079 19.725235 -46.306736 5.455340 -2.379550 -1.951875 
39.577801 21.499413 -46.634895 1.239425 4.577174 -4.082589 
38.218910 20.384789 -43.234787 -3.944559 -0.814262 4.783100 
38.454700 20.506208 -43.053009 -1.623822 -0.475186 2.768703 
38.231049 20.620399 -43.195328 -2.127354 -0.261506 2.428068 
37.587723 20.757160 -45.337170 -5.890820 2.082197 -0.540207 
37.954899 19.188311 -47.311680 -1.977549 -5.870697 -0.413031 
37.797344 20.947208 -43.908424 -5.965638 0.593509 1.806983 
37.684326 20.763256 -44.154209 -5.872298 1.344823 1.662981 
39.786274 21.083338 -46.967911 3.447315 3.703208 -3.716699 
39.550117 19.852629 -43.246853 2.367051 -3.190979 4.853483 
39.350105 19.766973 -43.220596 1.529428 -3.369643 5.040359 
39.691498 20.079557 -43.178703 2.762619 -2.974204 4.772529 
40.583752 22.102247 -45.250916 4.625090 4.084993 -0.799451 
40.101543 19.770874 -43.688393 3.791011 -2.822712 4.124100 
37.592857 20.581419 -45.918030 -5.892210 2.156454 -0.250533 
38.142235 21.721909 -47.192711 -1.397177 5.499359 0.001620 
38.080177 19.013214 -45.625710 -4.045372 -4.768375 -0.343011 
37.939030 20.943069 -43.560116 -2.845150 0.059787 1.380660 
37.915504 20.607735 -43.585640 -5.447184 0.062305 3.101474 
38.052807 20.766790 -43.365856 -2.605907 -0.083783 1.924169 
37.797188 21.137867 -43.986633 -6.220263 0.269473 0.699874 
37.841171 21.127554 -43.761086 -3.037207 -0.095106 0.901305 
40.016632 19.012171 -44.484669 3.183592 -5.040359 1.766286 
38.377575 20.650536 -47.723904 -0.249861 0.439302 -6.260965 
38.024372 21.311798 -45.933109 -4.568483 4.018172 -1.473692 
37.912331 21.142391 -46.007851 -4.933974 3.800249 -0.464536 
40.117092 21.819387 -46.236706 2.171294 3.583594 -4.578389 
38.457680 18.790585 -45.925053 -2.581204 -5.641540 -0.584160 
38.468460 18.823912 -46.185287 -2.588928 -5.598518 -1.023561 
37.462708 20.359116 -46.319046 -5.818595 1.120753 1.982449 
37.603603 20.535816 -44.286770 -6.025641 0.824440 1.421419 
38.303337 21.440958 -47.639091 -1.688690 1.962032 -5.669640 
38.369923 21.609964 -47.583694 -1.054796 3.903904 -4.123218 
38.505371 21.466522 -47.683270 -0.275224 2.271067 -5.480069 
40.082897 20.319715 -43.315350 3.717311 -2.976954 4.095830 
40.388958 19.309597 -45.696922 4.590860 -4.101162 -1.178373 
40.487438 19.484116 -45.839783 5.008873 -3.473259 -1.457657 
38.610718 21.632595 -46.939281 0.697592 6.047223 1.470346 
38.392300 21.596142 -46.820679 -0.643076 5.768747 2.350095 
39.918613 21.660307 -46.421379 1.497205 3.628304 -4.868996 
38.248775 22.234127 -45.123116 -3.791716 2.942917 -4.024851 
38.167355 21.496786 -45.866566 -4.104724 4.101673 -2.381094 
40.754921 19.771618 -45.231075 5.751848 -2.426234 -0.397690 
40.660122 19.562286 -45.061642 5.407816 -3.113194 0.017079 
40.439308 22.273722 -44.859108 3.882103 4.900284 -0.168871 
39.568314 21.195551 -47.060017 3.349834 4.245332 -3.165895 
37.792675 19.469992 -44.553425 -4.998113 -3.456098 1.528241 
37.969223 19.283045 -44.464943 -4.531619 -4.005444 1.640258 
37.551884 20.590481 -44.698116 -6.113255 1.217985 0.666460 
38.036514 19.338219 -44.190571 -4.323037 -3.955778 2.201883 
39.851349 21.921423 -46.230137 0.868501 4.114692 -4.619512 
39.638817 21.972553 -46.202049 0.048965 4.378888 -4.466994 
38.304317 20.212185 -43.204521 -3.520918 -1.397640 4.947692 
38.753716 19.142080 -43.757637 -1.213943 -4.938659 3.574928 
39.938843 20.061575 -43.368706 3.462572 -2.857448 4.391761 
39.898605 20.308025 -43.168182 3.260110 -3.086037 4.388375 
37.458355 20.133263 -46.285294 -6.082771 -0.348347 1.465875 
37.385612 20.189304 -46.496799 -5.755490 -0.344467 2.444512 
39.729012 18.921360 -44.333485 2.227855 -5.320271 2.314311 
39.455563 18.810015 -44.403500 1.302888 -5.730071 2.106029 
37.767826 21.048317 -44.159027 -6.025474 1.480366 0.877129 
39.902580 19.229895 -46.836964 3.713540 -4.565341 -2.111318 
39.885628 19.314108 -47.027447 3.702517 -4.153414 -2.743954 
40.826294 21.661823 -44.521339 5.776464 2.338405 0.770110 
40.890305 21.453814 -44.441868 5.880596 1.841162 1.172942 
39.851902 22.395166 -45.592175 0.716290 5.736239 -2.283807 
39.219212 18.814541 -44.301945 0.389421 -5.753764 2.388419 
39.277668 18.744076 -44.520523 0.610582 -5.996888 1.644689 
40.502232 22.208746 -45.039398 4.254002 4.560398 -0.382320 
38.912933 19.533916 -43.324070 -0.307483 -3.784524 4.914390 
38.976307 19.291489 -43.537098 -0.065953 -4.477318 4.286079 
38.389854 21.696156 -47.054962 0.095595 5.923211 1.807022 
38.213737 19.001602 -44.623386 -3.639303 -4.911584 1.340308 
38.114372 19.124393 -44.495201 -4.076185 -4.490745 1.582107 
38.118092 19.187845 -44.328152 -4.063005 -4.340086 1.978694 
37.520191 20.357977 -45.872520 -6.143010 1.185946 -0.137931 
37.990112 21.406462 -45.657734 -4.909474 3.434046 -1.838131 
39.354332 20.646658 -47.646759 2.519171 1.489591 -5.473535 
37.859501 19.231527 -45.175205 -4.695935 -4.132230 0.309726 
39.330673 21.308681 -47.160870 3.529567 4.638775 -2.258405 
39.541397 19.116362 -47.038879 2.257582 -5.084877 -2.888635 
39.564194 19.022146 -46.842716 2.399752 -5.262253 -2.342414 
39.163994 19.431526 -47.602024 1.775154 -3.523274 -4.812389 
39.012051 19.590727 -47.738533 1.341154 -2.231421 -5.631804 
39.277176 19.648888 -47.686012 2.041352 -2.162414 -5.415132 
39.179169 21.354366 -47.384518 4.290678 3.810878 -2.314814 
39.684727 21.306988 -46.810684 2.551081 4.283838 -3.793991 
38.604057 20.130281 -43.074280 -2.064229 -1.969950 5.569881 
39.425541 18.938997 -44.101265 1.281575 -5.320227 2.961917 
40.361092 22.039948 -45.840797 3.492276 4.094300 -3.168928 
38.364567 18.905483 -46.315010 -2.961716 -5.425875 -1.055589 
40.171177 19.185707 -44.351101 3.782416 -4.404872 2.271029 
40.810806 19.959011 -45.348499 5.947678 -1.832644 -0.709490 
38.988945 22.198351 -45.734283 -1.940082 4.824642 -3.494752 
39.017731 22.002836 -45.998665 -2.020756 4.581558 -3.774812 
38.827263 22.031849 -45.844784 -2.473634 4.470165 -3.646187 
38.302807 21.676052 -45.791370 -3.803512 4.010855 -2.978958 
40.880306 21.440628 -45.474911 5.781965 1.566276 -1.690231 
38.144047 21.595051 -45.674534 -4.413232 3.687875 -2.504970 
37.555939 20.436945 -44.492237 -6.160267 0.538533 0.987594 
37.514267 20.327787 -44.724155 -6.197380 0.319910 0.848740 
37.967232 19.109821 -45.401600 -4.407792 -4.452539 0.010341 
39.766861 22.475294 -45.334869 0.614210 6.076359 -1.390847 
39.617661 22.432596 -45.515591 0.056295 5.882800 -2.125611 
38.308811 18.846388 -45.632462 -3.177168 -5.368954 -0.334135 
38.905647 19.389429 -47.651978 1.290407 -3.648491 -4.866265 
40.339016 19.613884 -46.542049 5.225957 -2.753089 -1.994466 
40.837860 21.262363 -45.685066 5.752042 0.929549 -2.290774 
40.921772 21.203808 -45.473770 5.962078 0.625496 -1.764160 
40.891830 20.969406 -45.597874 5.966213 0.114028 -1.923739 
38.579247 18.723026 -45.623249 -1.889207 -5.941575 -0.261870 
39.731899 19.162069 -46.941696 2.982011 -4.903838 -2.499639 
40.959057 21.293978 -45.262234 6.065175 1.049681 -1.007645 
37.534580 20.619165 -45.160564 -6.062730 1.571469 -0.121165 
37.216900 20.058605 -46.858059 -5.259469 -1.605965 2.979728 
37.260117 20.241903 -46.728245 -5.364471 -0.459928 3.201668 
37.337589 19.997877 -46.674229 -5.425354 -1.729200 2.589042 
39.948643 19.279160 -43.968941 3.088592 -4.049574 3.616695 
39.342854 22.484234 -45.326775 -0.247891 5.958388 -1.975156 
39.280674 22.420498 -45.496674 -0.753209 5.656235 -2.560712 
39.150768 22.482924 -45.307007 -0.484006 5.747425 -2.452248 
38.963104 22.561779 -45.116577 -0.250913 2.826986 -1.446407 
38.554794 18.735376 -45.032539 -2.105070 -5.827349 0.508946 
37.912018 21.370089 -47.550270 -2.023269 2.936030 -4.997903 
38.374142 21.258194 -47.693596 -1.031514 0.807629 -6.121733 
38.151241 21.303780 -47.637280 -1.398065 1.688276 -5.854337 
40.723480 20.610594 -46.067379 5.758260 -0.024219 -2.468207 
40.809532 20.777605 -45.847401 5.890617 0.030584 -2.142351 
37.608334 19.525772 -46.733368 -4.487812 -4.156073 1.381608 
40.531403 19.384960 -44.869217 4.902080 -3.807662 0.569604 
40.406361 19.279156 -44.696972 4.478425 -4.217629 1.118877 
39.450676 22.370676 -45.639324 -0.558003 5.553772 -2.837983 
39.244205 22.299911 -45.705402 -1.223905 5.205367 -3.253989 
38.039795 19.134842 -44.683804 -4.257550 -4.431951 1.225480 
38.144039 18.999754 -44.877861 -3.875967 -4.845844 0.860539 
40.014473 22.424852 -45.403393 1.479953 5.865966 -1.416584 
40.886322 20.642305 -45.580288 6.049140 -0.458434 -1.595396 
38.422031 18.776588 -45.353035 -2.633964 -5.647558 0.048375 
38.364792 21.571110 -46.019592 -3.489550 4.518894 -2.597902 
40.790718 21.152267 -43.785439 6.097325 -0.862316 1.071710 
40.956360 20.790218 -45.352493 6.099224 -0.413705 -1.357160 
38.121929 22.139866 -45.042442 -4.509485 1.953713 -3.898681 
38.142021 22.337809 -44.975883 -1.890707 1.150904 -2.107559 
39.532536 20.825886 -47.461750 3.654881 2.471439 -4.375456 
38.718544 20.993057 -47.732147 0.152681 0.181377 -6.258041 
38.493698 20.257147 -43.080204 -2.707185 -1.432273 5.437567 
37.855576 19.252222 -47.048321 -3.091341 -5.406554 0.647312 
38.279793 18.921263 -46.122143 -3.422647 -5.189244 -0.777557 
38.355984 18.863857 -44.801220 -3.069398 -5.339342 1.014580 
37.505001 20.469294 -44.937469 -6.159655 0.996427 0.394798 
38.765995 18.690056 -45.865929 -1.105051 -6.125072 -0.411429 
38.858715 18.669622 -45.593624 -0.607954 -6.231496 -0.166790 
39.471924 21.883585 -46.277153 -0.453245 4.367116 -4.470005 
38.381493 21.742636 -47.329517 -0.500618 5.710572 -0.920028 
38.841110 21.497034 -47.636047 1.824218 3.204148 -4.065199 
37.464828 20.748247 -47.697392 -1.029052 2.207202 -5.732507 
39.448067 21.387466 -46.863518 2.230364 5.071747 -2.922334 
37.526630 20.538851 -45.419579 -6.062099 1.476094 -0.484964 
37.556698 20.542501 -45.692200 -5.981832 1.780125 -0.580668 
37.048641 20.476498 -47.062435 -5.699263 0.425645 2.181711 
37.822803 21.052061 -46.217510 -4.878701 3.751606 1.083924 
37.493877 20.230240 -46.093498 -6.185838 0.497800 0.734987 
40.762344 21.532391 -45.710648 5.457497 1.855219 -2.409686 
39.614037 20.478144 -42.896664 0.980611 -1.557224 2.574102 
39.726627 20.332956 -43.039974 2.540573 -3.114312 4.814883 
38.158306 20.663116 -47.716179 -0.060980 0.615087 -6.248087 
38.218262 21.075169 -47.687096 -0.770920 0.701158 -6.189856 
38.806854 20.736675 -47.736671 0.134908 0.424706 -6.259361 
39.530479 19.737984 -47.595253 2.883993 -1.698520 -5.247803 
38.812717 21.612541 -47.063423 2.011170 5.876612 0.811452 
38.820019 21.587055 -46.830994 1.005432 6.173328 0.185756 
37.558010 20.920986 -47.644863 -1.279915 2.367290 -5.619677 
38.937962 22.455383 -45.298100 -1.022608 5.347481 -3.125923 
39.029327 19.250883 -47.481636 1.345707 -4.574478 -4.025735 
38.625320 21.957521 -45.781990 -2.978100 4.228996 -3.555080 
38.725105 22.152502 -45.623322 -2.549693 4.508800 -3.537534 
37.648186 19.558289 -44.918530 -5.423415 -2.980674 0.803870 
40.527225 20.760719 -43.458530 4.763968 -3.118718 2.622171 
39.407536 20.136801 -47.703571 2.396830 0.202797 -5.748749 
39.591629 19.999464 -47.608578 3.191788 -0.325958 -5.338853 
39.361698 19.892651 -47.716316 2.236256 -0.768742 -5.715270 
39.351727 18.892967 -46.716717 1.625207 -5.626726 -2.171355 
39.149849 18.912321 -44.088291 0.240945 -5.551175 2.870969 
39.232037 19.957897 -43.077644 0.830015 -2.967211 5.440218 
40.358486 19.311510 -44.471134 4.384385 -4.003776 1.949459 
39.808563 21.451509 -46.611137 1.785812 3.828907 -4.628838 
39.105080 19.824835 -47.778107 1.266122 -0.854874 -6.026157 
37.872547 21.513798 -44.438091 -6.086988 0.685753 -0.694502 
40.273914 21.952198 -46.030685 2.980213 3.797137 -3.862821 
39.460461 21.084694 -47.329556 3.759590 3.536630 -3.490481 
40.735752 19.810663 -45.506630 5.753851 -2.265922 -0.982428 
39.957611 19.108130 -44.207081 2.990290 -4.706159 2.794283 
40.524124 19.451918 -45.614262 5.012221 -3.590783 -1.099763 
39.767487 19.848206 -47.475285 3.606701 -0.929028 -4.976785 
38.092209 20.418163 -43.350437 -4.581823 -0.574738 4.221845 
37.794502 19.337479 -46.789959 -3.948447 -4.808256 0.815943 
39.442394 22.449701 -45.456535 -0.281558 5.892090 -2.106078 
38.929008 20.203669 -42.966068 -0.901502 -2.209797 5.785728 
38.143463 21.565409 -47.521526 -1.917567 3.952184 -4.027932 
37.186066 20.476688 -46.835453 -5.198151 0.413104 3.444495 
39.069191 22.374258 -45.505276 -1.358228 5.315980 -3.017269 
38.626160 21.240879 -47.725914 0.035601 0.774287 -6.140517 
40.722576 20.347717 -46.033550 5.865710 -0.549489 -2.147728 
37.997902 21.653296 -45.216537 -5.481041 2.645540 -1.529043 
40.972168 21.368139 -44.996586 6.067654 1.396616 -0.201647 
40.625488 19.642746 -45.694740 5.437936 -2.806624 -1.263452 
38.186592 18.953856 -45.875027 -3.723951 -5.000747 -0.596551 
38.695507 18.687456 -45.345695 -1.299936 -6.108645 0.013791 
38.720245 20.428991 -42.944210 -0.985835 -0.843179 2.959274 
38.952152 18.661213 -45.345257 -0.255678 -6.267205 -0.026685 
38.829861 22.335787 -45.441837 -1.886473 4.908867 -3.415847 
38.038544 20.553888 -43.401020 -4.903356 -0.275743 3.882769 
39.230587 19.491024 -43.387287 1.069625 -3.905564 4.728399 
40.648159 20.808393 -43.644630 5.291676 -2.206672 2.515143 
