42.628120 47.002754 38.044659 0.710139 0.124737 -3.045695 
42.405434 46.840633 37.992256 0.137096 0.167173 -3.084855 
42.348194 47.094700 38.012169 0.667591 -0.346644 -6.193135 
42.131039 47.009365 38.000820 0.348792 -0.677437 -6.191743 
42.162735 46.673023 38.007229 -0.218621 -0.168809 -3.118940 
41.915604 46.504997 38.042950 -0.432116 -0.238985 -3.081096 
41.863365 46.708649 38.042923 -0.465305 -0.798066 -6.169574 
40.177334 45.852005 42.455906 0.038742 -2.468782 2.238157 
40.389256 46.017986 42.597294 -0.007578 -1.953305 2.351863 
40.103107 46.015270 42.611778 0.654447 -4.332255 4.480974 
37.398144 46.756416 42.118587 -4.038446 -2.935749 3.810042 
37.305977 46.648895 41.938721 -3.870357 -3.219277 3.756713 
37.513649 46.552971 42.086063 -4.212078 -3.048691 3.522938 
37.425430 46.423351 41.860123 -4.014321 -3.326570 3.502326 
37.630676 47.063614 39.013313 -1.175227 1.018958 -6.081304 
37.364265 46.979988 39.060562 -1.687583 0.696636 -6.006925 
37.422077 47.255096 39.072735 -1.313669 0.547602 -6.113282 
37.165112 47.159126 39.134903 -2.235544 0.451435 -5.827185 
36.970520 46.631626 41.577721 -3.986633 -3.363089 3.492573 
37.201447 46.524677 41.719128 -3.798495 -3.450891 3.624215 
37.084904 46.755672 41.814953 -3.837981 -3.219506 3.779874 
36.490574 49.409031 40.691002 -4.110864 4.690299 -0.405627 
36.301670 49.223324 40.643063 -4.444173 4.391829 -0.325769 
36.373123 49.292404 40.937801 -4.531424 4.258578 0.579455 
40.284134 47.317772 43.411804 1.948903 -1.670085 5.687349 
40.108562 47.107216 43.399445 2.009790 -2.163800 5.504018 
40.341656 47.077259 43.285854 2.159706 -2.585561 5.296643 
43.215496 48.616333 38.305317 4.378770 2.097848 -3.917702 
43.354156 48.729427 38.526024 4.477839 2.272184 -3.664915 
43.398586 48.403305 38.445156 4.931428 0.993085 -3.697413 
43.556019 48.486237 38.695496 5.032934 1.220819 -3.518881 
37.910793 49.663601 41.888817 -1.363058 4.418657 4.219500 
37.990395 49.488613 42.068768 -1.558796 3.952146 4.626783 
38.186420 49.624058 42.011887 -1.363201 4.383416 4.272638 
38.163033 49.371609 42.232765 -1.991950 3.973862 4.428058 
37.097343 48.696144 39.458382 -1.494152 2.519083 -5.514765 
37.074177 48.423954 39.369865 -1.682582 1.703604 -5.793990 
36.838219 48.561230 39.486092 -2.276494 2.025793 -5.419882 
37.099377 46.391121 41.480171 -3.851308 -3.568330 3.446301 
36.863720 46.504158 41.322388 -4.143079 -3.399662 3.264546 
38.497498 49.630249 39.822643 -1.591215 4.138540 -4.446532 
38.304855 49.775223 40.044819 -1.587038 4.668945 -3.878324 
38.629791 49.851082 39.987991 -1.953577 4.406389 -4.019689 
38.490711 49.967705 40.214241 -2.045512 4.905402 -3.340229 
38.660374 48.129738 43.738277 -1.104169 1.744903 5.781090 
38.389885 47.977512 43.678589 -3.359963 0.836721 4.818379 
38.658287 47.848549 43.806946 -1.101253 0.345643 5.801510 
38.414711 47.688560 43.679459 -3.485207 -0.763240 4.987383 
41.556480 49.269146 38.810844 -0.047577 4.948835 -3.860500 
41.499249 49.427860 39.033607 0.546869 5.176891 -3.494727 
41.764244 49.384327 38.962349 -0.239521 5.356857 -3.260282 
37.259174 46.072556 38.952900 -4.391460 0.769196 -4.407069 
37.348930 45.827847 38.797253 -4.555761 0.136882 -4.210561 
37.163620 45.804771 39.028633 -4.894898 -0.525691 -3.817406 
37.280464 45.566017 38.914341 -4.812126 -1.620788 -3.401667 
40.037079 47.362053 43.490707 1.497700 -1.095205 5.979170 
40.205082 47.562672 43.476933 1.449007 -0.649861 6.063295 
37.871014 49.864868 40.384583 -1.391292 5.514403 -2.655408 
37.795692 49.733261 40.181557 -1.287895 5.119769 -3.383699 
37.619289 49.798187 40.365234 -1.363381 5.442668 -2.782404 
36.210457 47.561756 41.204353 -5.489427 -2.023159 2.267867 
36.290127 47.300903 41.149220 -5.412396 -2.322373 2.143962 
36.364265 47.411068 41.418968 -5.164048 -2.209504 2.754860 
36.451069 47.153137 41.341106 -5.024071 -2.628122 2.684611 
43.521683 49.264191 39.208988 3.980358 3.817185 -2.824250 
43.345306 49.197323 38.905666 3.494460 3.806637 -3.345435 
43.257065 49.430061 39.158943 2.361857 5.028858 -2.645248 
43.068188 49.375813 38.935787 1.838578 5.099400 -3.028430 
38.196480 49.857334 41.741333 -1.099252 5.084272 3.466718 
38.448772 49.767033 41.930466 -1.263580 4.787747 3.858546 
38.510864 49.957279 41.683426 -1.303086 5.207312 3.254013 
38.880680 47.453178 43.785492 0.082804 -1.429416 5.867425 
38.663258 47.555874 43.775604 -1.596118 -1.122869 5.772915 
38.705231 47.285492 43.696552 -1.378736 -2.192616 5.623239 
38.452019 47.407948 43.629204 -3.196336 -1.577660 5.078562 
36.545925 46.899815 41.255543 -4.873936 -2.863088 2.720578 
36.640495 47.008530 41.521107 -4.555522 -2.919161 3.155346 
40.354137 50.131557 41.954296 0.339909 5.811314 2.348228 
40.104145 50.194534 41.820312 0.035417 5.863752 2.216365 
40.107010 50.070187 42.113949 -0.036163 5.761743 2.494332 
39.797462 50.112942 41.982090 -0.597838 5.704977 2.533369 
39.974243 48.114941 38.317001 -4.442986 0.591659 -4.390051 
40.099133 47.867683 38.165661 -3.974698 0.400093 -4.799558 
39.913242 47.885136 38.360344 -4.584997 0.468349 -4.269862 
37.729961 46.432438 42.260582 -4.483619 -3.002717 3.215443 
37.584663 46.739014 42.318745 -4.430410 -2.617270 3.596106 
41.700195 50.004326 40.906002 2.667730 5.663468 -0.056087 
41.467903 50.099941 41.023731 2.199257 5.863064 0.194391 
41.686535 49.996567 41.191544 2.707766 5.615747 0.579630 
39.400536 50.379601 40.862282 -0.362370 6.236177 -0.019128 
39.270653 50.345592 41.144218 -0.657527 6.148160 0.960304 
39.606766 50.367569 41.153091 -0.217322 6.200041 0.803069 
39.391724 50.302025 41.399937 -0.669506 5.994134 1.670015 
37.897228 49.865318 41.638580 -1.266519 5.209117 3.122715 
37.818176 47.245800 42.872311 -4.925225 -1.106357 3.734279 
37.954647 47.343689 43.082809 -4.969489 -0.893605 3.729751 
37.807156 47.513966 42.912571 -4.986022 -0.457497 3.789055 
42.060020 49.608711 39.579582 0.919015 6.062684 -1.328080 
41.879646 49.579258 39.368076 0.593570 5.865553 -2.129516 
41.787506 49.671810 39.604015 1.533463 5.728963 -2.035028 
38.759285 47.026169 43.599304 -1.043826 -2.227243 5.733540 
39.019089 46.913601 43.574150 0.146146 -2.247497 5.832778 
39.006763 47.226601 43.683685 0.485745 -2.032834 5.890108 
39.975262 46.508327 38.301647 -0.978737 -2.411228 -5.645659 
40.254082 46.470493 38.274559 -1.016558 -3.344051 -5.190056 
40.105225 46.290573 38.430031 -0.358427 -4.078763 -4.726922 
40.387627 46.263565 38.417805 -0.741470 -4.362190 -4.427086 
36.473251 48.358765 41.878471 -4.092408 0.268888 4.654518 
36.717464 48.363293 42.050106 -3.365231 0.562401 5.245099 
36.599773 48.616043 41.930767 -3.549147 1.296175 4.964391 
36.854809 48.645721 42.082325 -2.923802 1.403652 5.333703 
38.120461 47.177494 43.247551 -4.669758 -1.279022 3.987095 
38.092190 47.446133 43.287029 -4.834833 -0.830398 3.906776 
37.494190 45.454460 40.827038 -3.413735 -4.575540 2.592605 
37.375679 45.657520 40.983868 -3.791155 -4.008930 2.985146 
37.260555 45.595352 40.745728 -3.816728 -4.205946 2.639712 
38.682880 46.148815 42.977657 -1.332736 -4.670584 3.914423 
38.953400 46.198753 43.088280 -0.465826 -4.500144 4.315487 
38.703308 46.375340 43.214294 -1.331025 -3.928947 4.639329 
37.420322 45.364532 38.859623 -3.260807 -3.457725 -3.235547 
37.482933 45.554787 38.695911 -3.352934 -1.836084 -4.572711 
36.496143 48.831593 41.775589 -3.876635 2.102987 4.362277 
36.389679 48.584309 41.763424 -4.471755 1.079337 4.155020 
36.963264 45.939278 40.783783 -4.232582 -3.747279 2.733477 
36.767014 46.081520 40.662708 -4.688804 -3.460641 2.250070 
36.880093 45.873550 40.541142 -4.482798 -3.807481 2.185809 
36.706913 46.014313 40.407051 -5.078356 -3.231511 1.493002 
41.511543 49.491589 42.558235 2.414582 3.442911 4.553106 
41.692589 49.596313 42.359875 2.826076 3.974331 3.739998 
41.421143 49.705017 42.387112 1.922036 4.641656 3.704806 
36.972626 45.767803 39.292984 -4.987941 -1.872439 -3.081863 
37.048794 46.056889 39.143314 -4.441251 -0.220478 -4.396337 
37.351986 48.815601 39.463318 -1.201006 2.901157 -5.429586 
37.336765 48.554333 39.349518 -1.336615 2.222639 -5.716223 
37.983078 47.074024 43.039593 -4.912455 -1.264548 3.700510 
37.857700 46.969685 42.820026 -4.974817 -1.524463 3.519296 
37.676807 47.144493 42.654461 -4.677396 -1.505023 3.908602 
39.679020 46.924809 43.470741 1.559834 -2.102162 5.675413 
39.932858 46.894520 43.376366 2.109984 -2.566525 5.274214 
39.850780 47.148674 43.489536 1.583919 -1.542761 5.864244 
37.091862 48.038563 42.302963 -3.201981 0.380704 5.373131 
37.350674 47.961716 42.461174 -3.400938 0.513764 5.247433 
37.291271 48.247231 42.381741 -2.932541 1.116288 5.436669 
37.534004 48.170456 42.541058 -3.541225 1.406128 4.979077 
39.798096 48.032494 38.503490 -4.533269 0.384067 -4.328831 
39.619373 47.887169 38.676796 -4.026081 0.414077 -4.739727 
39.633450 48.193550 38.672134 -4.009455 0.261172 -4.814930 
43.704739 48.736877 40.749058 5.004007 0.996277 3.591250 
43.519382 48.875221 40.897316 3.954477 2.117306 4.359876 
43.572933 48.638660 40.946518 4.627414 1.555396 3.911220 
42.150482 49.547413 39.326294 0.142292 6.074010 -1.560474 
42.337673 49.577045 39.539577 0.321655 6.224922 -0.739069 
37.429604 48.728893 42.309170 -2.281088 2.022857 5.488073 
37.248867 48.953060 42.153107 -2.164654 2.371132 5.380655 
37.131084 48.688370 42.198120 -2.464265 1.640617 5.530144 
37.208923 47.429295 39.140087 -2.054028 0.504041 -5.886241 
37.470188 47.537392 39.084652 -1.132898 0.503902 -6.147998 
35.917564 48.204681 40.275398 -5.838506 -0.094425 -1.867229 
35.908806 48.503475 40.364132 -5.795263 0.971643 -1.640844 
36.031116 48.426872 40.083538 -5.103981 0.886447 -3.357864 
36.596020 48.406612 39.563667 -3.228072 1.464839 -5.130954 
36.817562 48.280373 39.417088 -2.372876 1.187122 -5.646884 
36.586609 48.121559 39.506401 -3.381653 0.574973 -5.155798 
36.809200 47.994987 39.383533 -2.669668 0.535800 -5.640357 
37.546719 46.188034 41.777962 -4.166910 -3.295677 3.351767 
37.639069 46.306736 42.012703 -4.308909 -3.194441 3.269878 
37.754833 46.060749 41.925049 -4.169909 -3.411034 3.225678 
36.400063 47.956078 39.655304 -4.236882 -0.080573 -4.600142 
36.429180 47.673073 39.648808 -4.326428 -0.481283 -4.494705 
36.251987 47.794415 39.830635 -4.737814 -0.684769 -4.056447 
37.853580 46.164684 42.169411 -4.233852 -3.406738 3.138151 
36.931942 45.636429 40.018520 -4.567729 -4.261026 0.593524 
37.143196 45.425381 40.053661 -4.120764 -4.627747 0.837320 
37.038143 45.574429 40.274910 -4.293737 -4.338502 1.335414 
38.244030 47.559551 43.484093 -4.473283 -0.862601 4.299966 
38.224499 47.831997 43.504642 -4.700415 -0.055147 4.092878 
43.261963 48.299713 38.246037 4.786924 0.636589 -3.936429 
38.917900 46.011143 42.861824 -0.614257 -5.108833 3.507834 
39.178013 46.070335 42.958134 0.116507 -4.814505 3.951698 
40.199490 49.279362 43.207191 1.391900 2.952469 5.319732 
40.022141 49.094936 43.334755 1.329940 2.352122 5.649903 
40.306705 49.022121 43.287811 1.623929 2.089271 5.683899 
37.112030 46.887714 39.136986 -2.593808 0.399553 -5.683770 
36.357162 47.206596 39.822872 -5.130000 -1.350379 -3.212751 
36.292049 47.503185 39.832680 -5.001070 -0.966525 -3.619151 
36.471848 47.388741 39.642380 -4.479678 -0.653314 -4.319614 
39.200031 50.344906 40.623222 -0.771442 6.125901 -0.920120 
39.110214 50.349182 40.899006 -0.835711 6.197812 0.139603 
38.963959 50.315922 40.697777 -1.138270 6.100468 -0.783020 
38.102848 46.923252 38.893604 -0.956362 2.274039 -5.758544 
38.205910 47.192947 38.961792 -0.644012 1.471037 -6.065567 
38.368702 46.980385 38.877865 -0.906870 2.354194 -5.723584 
38.772522 50.066357 40.159790 -2.051767 4.880827 -3.294775 
38.922493 49.934547 39.927589 -2.042198 4.275352 -4.111826 
37.332951 45.334541 39.066730 -4.019174 -4.102940 -1.927481 
37.155888 45.531895 39.160267 -4.944230 -2.654675 -2.575723 
37.661346 45.950371 41.690445 -4.105398 -3.477397 3.236861 
37.314770 49.724182 40.378994 -1.455676 5.415474 -2.804125 
37.505005 49.861874 40.583134 -1.298695 5.800254 -1.975752 
43.738789 49.071220 39.332401 5.063025 2.574854 -2.326542 
43.808220 49.105824 39.607674 5.593228 2.272110 -1.548137 
43.870098 48.838120 39.514069 5.921863 1.427832 -1.342495 
43.899845 48.894753 39.785065 6.101577 1.173395 -0.748559 
40.537704 46.438213 38.244766 -0.812215 -3.688331 -4.997689 
40.405380 46.660145 38.124836 -1.214155 -2.628909 -5.491408 
40.140999 46.703815 38.189354 -1.831386 -1.913141 -5.660484 
36.165405 47.443813 40.946152 -5.590556 -2.292514 1.704262 
36.057495 47.718872 40.956818 -5.660710 -1.930566 1.846947 
37.788082 47.930759 39.083702 -0.575808 0.792431 -6.197729 
38.105160 48.004589 39.071953 -0.351187 0.784105 -6.219419 
37.976021 47.753788 39.056034 -0.347838 0.592779 -6.245426 
38.228519 47.715771 39.040047 -0.333088 0.631071 -6.242015 
39.777782 47.422810 43.556801 1.409533 -0.743610 6.070171 
41.426617 50.009354 40.193722 2.135504 5.689618 -1.569846 
41.401531 49.919460 39.874134 1.981938 5.591392 -2.033555 
41.166470 50.056404 40.055538 1.806240 5.731408 -1.822341 
38.016422 47.464821 39.025154 -0.471261 0.789484 -6.212709 
37.743248 47.645405 39.059818 -0.574257 0.551195 -6.229253 
37.699528 47.352036 39.040768 -0.752674 0.661274 -6.200901 
41.922398 49.839733 41.364170 3.470251 5.114135 0.934230 
41.911575 49.886551 41.060844 3.280665 5.310069 0.407784 
36.109879 47.647957 40.057415 -5.330800 -1.505248 -2.783846 
43.120190 48.903088 38.407307 3.452166 3.435371 -3.846845 
37.523369 49.646839 40.161713 -1.342992 5.069775 -3.448676 
37.722046 49.565174 39.980450 -1.207368 4.727907 -3.938083 
37.453793 49.471188 39.954746 -1.294818 4.590558 -4.068283 
39.960476 46.126808 38.595505 0.390427 -4.651491 -4.188900 
39.826485 46.303558 38.423752 -0.030840 -3.388414 -5.218858 
39.551338 49.944771 42.238270 -1.496405 5.542990 2.527238 
39.661980 49.861610 42.516693 -1.117353 5.662116 2.409063 
39.866302 49.975491 42.308590 -0.568101 5.726993 2.489313 
39.940174 49.853935 42.590897 -0.081367 5.637101 2.734377 
41.834160 49.235706 38.737255 -0.675312 5.012555 -3.720684 
42.115025 49.228477 38.655315 -0.929234 5.065409 -3.585921 
41.908047 49.072033 38.514946 -0.998213 4.790040 -3.939762 
42.194111 49.066719 38.422260 -1.005191 4.798408 -3.917320 
38.501034 47.140324 43.558281 -2.677569 -2.030404 5.250368 
38.550194 46.874977 43.475395 -2.337311 -2.398107 5.238703 
40.048958 48.570339 38.371559 -3.486391 1.769115 -4.890669 
40.278641 48.709713 38.295151 -2.089000 2.651683 -5.215130 
40.239391 48.463711 38.204155 -2.726383 2.170577 -5.178149 
37.022072 48.368557 42.218330 -2.903613 0.948193 5.481652 
37.270317 48.496109 42.314075 -2.580839 1.467928 5.529425 
37.497143 48.436222 42.433781 -2.855708 1.766228 5.297519 
40.698421 46.220543 38.406349 -1.034241 -4.344345 -4.399489 
41.698906 48.914257 38.379265 -0.784706 4.616553 -4.185183 
41.624538 49.091488 38.596180 -0.470823 4.751497 -4.075074 
37.510494 47.823788 39.102753 -1.163898 0.815035 -6.089091 
43.608967 48.392784 40.984085 5.136731 1.352494 3.338855 
43.709919 48.492916 40.797062 5.336085 0.795611 3.193610 
37.330151 46.296349 41.631104 -3.900549 -3.481162 3.483012 
42.185001 48.314842 37.720211 -0.275345 1.931927 -5.735595 
41.958858 48.404938 37.802364 -1.157065 3.230439 -5.139257 
42.135284 48.555916 37.884933 -0.914142 3.954921 -4.737927 
41.869198 48.561260 37.967575 -1.304290 4.203830 -4.475552 
42.208633 48.026642 37.700287 0.575183 -0.621647 -6.110360 
41.952030 48.173653 37.708397 -0.581266 1.346052 -5.982027 
41.967937 47.886028 37.695816 0.429960 -0.745281 -6.121895 
36.460564 49.337105 40.442532 -3.885492 4.656637 -1.436895 
42.056118 48.732540 38.087196 -1.214824 4.472859 -4.239616 
42.324295 48.723473 38.004971 -0.735774 4.324449 -4.459394 
42.452637 48.501087 37.804684 0.259434 2.897224 -5.336605 
41.961140 49.480846 39.131844 -0.148188 5.741028 -2.526706 
42.037457 49.367374 38.892815 -0.640393 5.423822 -3.088624 
42.316544 49.367569 38.821079 -0.586543 5.455372 -3.008573 
39.551262 47.194149 43.572903 1.390037 -1.280923 5.982404 
36.627728 48.677025 39.648884 -2.854346 2.177781 -5.138487 
41.236843 49.601959 42.581459 1.727463 4.112566 4.366560 
41.152840 49.796139 42.386654 1.458638 4.967763 3.514236 
39.421959 48.043880 38.819687 -3.154944 0.223159 -5.399130 
36.054901 48.148262 40.020035 -5.071930 0.041564 -3.584168 
36.204792 48.339809 39.871868 -4.423201 0.725146 -4.368357 
37.052464 48.140167 39.311333 -2.041503 1.163035 -5.821328 
40.119549 48.825291 43.398380 1.431725 1.486341 5.918559 
38.988094 50.304039 41.156036 -0.992334 6.068497 1.154137 
36.836891 45.792507 40.272751 -4.691456 -3.905236 1.323531 
43.481274 48.862305 38.779285 4.553233 2.465422 -3.466183 
36.628170 47.560368 39.497627 -3.850435 -0.218511 -4.955206 
36.658428 47.291714 39.475021 -4.210731 -0.196673 -4.633356 
39.730949 49.750488 42.788879 -0.639652 5.418338 2.967159 
41.981564 48.903938 38.295898 -1.147572 4.605344 -4.115643 
38.203678 48.980938 39.396828 -1.001138 3.221229 -5.298077 
38.369411 48.811787 39.269009 -0.981400 2.725969 -5.562641 
38.089340 48.781811 39.305500 -0.978201 2.788704 -5.538575 
38.465790 49.030209 39.374325 -1.108706 3.238989 -5.264426 
41.702854 48.340229 37.832180 -1.142528 3.181106 -5.241525 
42.233986 49.474678 39.072582 -0.407954 5.840754 -2.225973 
41.751869 47.400345 43.251190 -2.177085 2.665550 5.169607 
41.494144 47.427814 43.164860 -0.838711 0.723613 6.049949 
41.580158 47.199070 43.260544 -3.043002 2.147534 4.955069 
41.960609 47.378006 43.400715 -2.898549 4.098464 3.712482 
41.977211 47.577606 43.221062 -0.898146 3.888738 4.726634 
41.022804 49.458778 42.773853 1.836516 3.641173 4.763870 
40.959213 49.705124 42.575081 1.440345 4.577040 4.009824 
36.734386 48.884602 41.922581 -3.172263 2.357480 4.829646 
38.246002 48.101757 43.486683 -4.529531 1.367829 4.046847 
42.245213 49.617207 39.807507 1.116347 6.130907 -0.736851 
35.868622 48.250843 40.637318 -6.136306 -0.351164 0.187009 
35.911266 47.951569 40.478424 -6.071306 -1.134101 -0.373022 
40.097980 45.988373 38.792179 0.305186 -5.223116 -3.466949 
40.237156 46.125935 38.607651 -0.305588 -4.918918 -3.883177 
38.711796 49.884758 41.865719 -1.392060 4.957608 3.597820 
38.776917 50.057594 41.639183 -1.437953 5.224602 3.167621 
38.943104 50.248383 40.411098 -1.450855 5.730347 -1.968060 
38.725079 50.258789 40.659069 -1.612269 5.910714 -1.144924 
43.410938 49.471584 39.410900 2.829294 5.036072 -2.010286 
43.148598 49.553314 39.402424 1.057520 5.917544 -1.453742 
38.112476 49.333958 39.662167 -1.002853 3.932168 -4.789619 
38.203072 49.544884 39.835312 -1.200363 4.324737 -4.391619 
38.389259 49.405724 39.661427 -1.236955 3.893886 -4.769751 
41.222160 50.176003 41.124489 1.739509 6.008899 0.385680 
40.965683 50.232445 41.210102 1.307889 6.109789 0.544089 
41.165344 50.162914 41.392464 1.623912 5.978784 0.940131 
37.921486 49.462788 39.814636 -1.042386 4.325595 -4.412723 
37.999634 49.653236 40.010395 -1.219052 4.745430 -3.926902 
42.263313 47.623005 43.179272 0.632675 5.183027 3.392098 
42.253941 47.437111 43.520359 -0.594444 2.316701 1.471604 
42.439816 47.542152 43.325432 0.222801 2.649188 1.243775 
38.074936 48.932682 42.550888 -3.491124 3.527609 3.805970 
38.001553 49.133877 42.345814 -2.407017 3.431513 4.667101 
37.885555 48.952969 42.398628 -2.689999 2.988334 4.797976 
37.763535 49.100182 42.265083 -1.995381 3.007174 5.138008 
38.788883 49.709126 39.779755 -1.872826 3.942055 -4.514778 
37.845768 48.227299 39.124519 -0.739166 1.502838 -6.013626 
38.150375 48.312702 39.119106 -0.546653 1.448664 -6.069362 
36.683868 45.982563 40.181786 -5.424139 -2.996921 0.731772 
36.589870 46.195690 40.235092 -5.756632 -2.382932 0.510093 
36.608562 46.255363 40.502884 -5.483200 -2.724766 1.289505 
39.895119 50.340797 41.342930 0.044089 6.131833 1.244887 
39.943180 50.378979 41.025314 0.195932 6.249085 0.311870 
39.716618 50.382431 40.801205 0.019183 6.258032 -0.258262 
37.914551 47.140495 38.986217 -0.827784 1.300570 -6.078415 
36.734859 45.850510 40.001568 -5.122848 -3.401209 0.344684 
36.618786 46.108109 39.983738 -5.854408 -2.171709 -0.225093 
36.678722 45.975163 39.753311 -5.544387 -2.348462 -1.050672 
43.449909 49.547779 39.992092 1.429879 5.975258 0.044442 
43.170349 49.557175 40.093391 0.150110 6.188605 0.952297 
43.356472 49.517128 40.278282 0.530224 5.975640 1.604170 
36.510216 46.504906 40.600021 -5.545951 -2.701103 1.121429 
36.660343 46.312424 40.780476 -4.973592 -3.131571 2.077000 
36.560448 46.560936 40.887459 -5.171978 -2.898107 1.994659 
41.278114 49.341251 38.875042 0.790712 4.766483 -4.006237 
37.692265 48.620186 42.466068 -2.952365 2.294008 5.020126 
37.692078 48.865021 42.357140 -2.327892 2.554787 5.238814 
38.350739 50.040882 40.431820 -2.120974 5.357580 -2.465407 
38.614479 50.144619 40.407940 -2.028813 5.365567 -2.423136 
38.055412 49.822052 40.214520 -1.488622 5.137732 -3.274497 
40.520443 47.281982 43.301796 2.035661 -2.047205 5.574830 
40.699100 47.498421 43.306801 1.948102 -1.440212 5.792310 
40.449997 47.529270 43.406296 1.878729 -1.176732 5.846290 
41.342083 49.143261 38.662525 0.289498 4.636254 -4.218964 
37.511322 49.029728 42.214828 -1.925797 2.682873 5.330675 
38.031853 45.483658 38.563232 0.084280 -4.224106 -4.347740 
38.174732 45.720009 38.406296 0.218347 -1.980323 -5.577160 
38.294540 45.511265 38.585590 1.039953 -4.552993 -4.037547 
38.407894 45.693645 38.453934 1.154724 -2.700444 -5.264570 
37.888508 49.311550 42.173607 -1.777068 3.545155 4.869403 
37.823383 46.857941 38.922417 -1.396128 2.026298 -5.763579 
37.312450 48.275570 39.261372 -1.675837 1.708017 -5.802677 
39.525887 47.508755 43.627029 1.525671 -0.547681 6.060905 
36.748352 46.757416 41.423336 -4.373535 -3.154616 3.212869 
38.149532 45.358181 38.775249 0.979535 -5.354565 -3.073597 
38.415291 45.400475 38.816990 1.518573 -5.396064 -2.789384 
38.552643 45.560478 38.614479 1.683944 -4.472024 -3.869344 
36.644054 46.645069 41.163418 -4.707316 -3.038075 2.784969 
36.465641 46.810150 40.987167 -5.225433 -2.786653 2.048858 
41.505749 47.582924 37.736790 0.198915 -1.535887 -6.043154 
41.554798 47.320091 37.837669 0.587939 -2.217534 -5.847930 
41.276142 47.419403 37.778236 0.100675 -1.814218 -5.987104 
41.604164 47.057018 37.943264 0.520172 -1.977234 -5.936755 
41.384724 46.890781 37.982090 0.246314 -2.078818 -5.921902 
41.323441 47.155373 37.879635 0.368661 -2.191730 -5.874747 
43.281548 49.563587 39.593098 1.420829 5.960855 -0.826805 
43.248478 49.579941 39.820946 0.791980 6.167453 0.041603 
43.523743 49.494038 39.691345 2.860303 5.254598 -1.156830 
38.283218 46.753075 38.777634 -1.144374 3.140955 -5.298730 
39.142639 45.912807 42.715435 -0.037377 -5.539639 2.882537 
39.400009 45.970520 42.803459 0.771272 -5.178241 3.287416 
38.670868 49.481102 39.638153 -1.569767 3.710862 -4.817860 
38.569927 49.251133 39.500031 -1.274188 3.535372 -5.033808 
38.293251 49.189152 39.516102 -1.041496 3.586875 -5.049292 
37.450031 46.103157 38.746864 -4.085380 1.478563 -4.428973 
38.446686 50.165215 40.655308 -2.190070 5.674393 -1.386266 
39.220592 46.788773 38.487198 -1.991896 2.524329 -5.352473 
39.108162 46.547924 38.427456 -1.039123 1.449152 -5.939312 
38.960720 46.742180 38.557144 -1.717280 3.106539 -5.167024 
38.836681 46.513260 38.460819 -1.080474 2.307707 -5.643980 
38.673096 49.697556 42.092346 -1.601846 4.786401 3.736293 
38.915668 47.996941 43.767345 0.734017 1.092623 6.085795 
38.909042 47.703442 43.798359 0.633289 0.048822 6.168252 
39.188931 47.832310 43.725979 1.542559 0.435098 6.061738 
42.463284 48.176125 37.707081 1.153716 0.000066 -5.797680 
43.826355 48.836563 40.531998 5.567181 0.438090 2.745271 
43.666435 48.992405 40.720634 4.156567 1.828088 4.146326 
36.284195 49.156979 40.377453 -4.271600 4.319195 -1.429102 
43.608982 48.983242 39.054794 4.721895 2.594310 -3.158204 
42.978695 49.513565 39.182419 0.821048 5.815376 -2.004740 
39.110443 47.529663 43.758259 1.487660 -0.757882 5.932202 
38.232292 49.153824 42.465691 -3.017706 3.909640 3.830390 
36.600220 47.836704 39.496140 -3.580936 -0.121604 -5.123966 
36.808483 47.715275 39.367588 -3.187320 0.204580 -5.392823 
37.600681 45.830406 38.562508 -3.386140 -0.151153 -5.015397 
38.931282 48.554363 39.069237 -1.562128 1.514020 -5.887236 
39.181896 48.785568 39.050858 -2.362918 1.991059 -5.451866 
39.205070 48.466362 38.964867 -2.385698 1.055949 -5.693971 
41.652897 46.805145 38.020252 0.150100 -1.583020 -6.073318 
43.149406 47.879646 42.082104 2.039566 1.731326 1.645629 
43.289719 47.944618 41.822624 2.227558 1.569860 1.565758 
43.151340 48.145439 41.811340 4.246168 3.203816 3.340844 
35.881908 48.585762 40.672352 -6.011120 1.095822 -0.019755 
43.822472 49.113712 40.507454 4.621742 1.951641 2.613756 
37.894402 45.714294 38.430084 -1.433117 -1.576935 -5.435666 
37.749683 45.506924 38.586868 -1.651268 -3.213520 -4.775371 
42.007072 47.277912 43.623569 -1.319328 1.908423 1.123538 
37.751366 48.369808 42.629562 -4.014139 2.165481 4.248701 
42.144718 49.677788 40.101234 2.115417 5.854027 -0.699795 
42.441746 49.596653 40.032188 1.200154 6.155402 0.019646 
38.841366 50.304966 40.914856 -1.203185 6.132559 0.104795 
38.945602 49.556408 39.597584 -1.943322 3.569261 -4.789030 
38.840008 49.328869 39.477306 -1.717250 3.423482 -4.976205 
36.395473 48.516972 39.739349 -3.735855 1.365769 -4.819970 
36.390598 48.237282 39.685291 -4.059364 0.709966 -4.717976 
38.055687 45.984753 38.396561 -0.725698 0.801985 -5.985772 
37.812584 45.986691 38.456715 -2.253231 1.002780 -5.530981 
40.184658 50.348076 41.213463 0.477544 6.196325 0.787050 
40.231232 50.361572 40.923790 0.617510 6.234314 -0.024914 
40.418781 50.297302 41.392162 0.657710 6.130017 1.130857 
40.481754 50.327328 41.079185 0.856032 6.198356 0.341247 
40.372875 50.229485 41.681293 0.447785 5.981952 1.831102 
40.591755 50.162224 41.825714 0.661375 5.881786 2.071356 
43.242580 49.018696 38.641964 3.656071 3.484311 -3.685188 
39.600586 47.597122 38.647507 -4.031696 1.079526 -4.633227 
39.378437 47.708649 38.828476 -2.913071 0.750123 -5.415079 
37.152927 45.562080 40.508232 -3.995469 -4.349824 2.085668 
37.372787 45.411777 40.576092 -3.450630 -4.770543 2.110336 
39.908825 49.347923 43.226223 0.831015 3.444757 5.141542 
39.503845 50.356483 40.557865 -0.253467 6.181481 -0.961551 
39.282452 50.286301 40.323204 -0.866684 5.897240 -1.853066 
38.338638 48.148094 39.081554 -0.436429 0.884827 -6.204440 
38.408688 47.932129 39.050369 -0.437936 0.633722 -6.234818 
36.790283 47.582844 42.053291 -3.834317 -1.434916 4.694875 
36.924828 47.805191 42.191738 -3.550810 -0.582729 5.126827 
36.684566 47.838722 42.017101 -4.032986 -0.727444 4.721263 
36.825565 48.085350 42.139874 -3.447149 0.107972 5.211451 
39.209881 49.631035 39.532463 -2.256273 3.536760 -4.675151 
39.090389 49.407349 39.431381 -2.134508 3.342033 -4.871650 
39.340446 49.470711 39.353527 -2.402108 3.300831 -4.775267 
37.622414 49.302181 42.090687 -1.743370 3.423904 4.959173 
37.344746 49.200470 42.062069 -2.014031 3.217110 4.962228 
40.635296 50.234066 41.567657 0.826430 6.039604 1.459111 
37.165970 49.860420 40.956455 -2.175137 5.727611 -0.121894 
36.929260 49.720238 40.780937 -2.975431 5.422645 -0.729074 
36.939083 49.731682 41.086319 -3.209049 5.246573 0.767583 
40.560894 50.301617 40.669666 0.886850 6.188936 -0.586880 
40.440422 50.329315 40.841187 0.856548 6.217575 -0.262271 
40.618183 50.306679 40.870739 0.968254 6.198663 -0.176991 
38.025574 46.418911 42.716122 -4.583343 -3.127423 2.884691 
37.822857 46.564514 42.519249 -4.748631 -2.685616 3.103972 
37.977528 46.260143 42.448162 -4.321304 -3.450679 2.959644 
43.058483 49.589504 39.644993 0.210019 6.239324 -0.285777 
39.647060 46.096661 42.881435 1.599779 -4.620184 3.870941 
39.888916 46.062466 42.728817 1.469040 -4.606438 3.984924 
39.863552 46.268547 42.951221 2.038103 -3.999657 4.386003 
40.026306 50.368160 40.724369 0.346875 6.239121 -0.499894 
40.681698 46.636017 38.098495 -0.617782 -2.839610 -5.532398 
40.813553 46.428143 38.211781 -0.746633 -3.477579 -5.158791 
38.869133 50.206722 41.405762 -1.294683 5.654184 2.345546 
38.705208 50.252319 41.177422 -1.434204 5.874855 1.356684 
39.341145 49.855972 39.649185 -2.053315 3.985924 -4.385339 
39.471260 49.699501 39.452904 -2.271396 3.707512 -4.523030 
37.676407 46.164501 38.588856 -2.993452 2.189701 -4.878784 
40.139282 50.290306 41.519241 0.271231 6.058397 1.585871 
36.771397 49.583485 41.224125 -3.451668 4.970573 1.527373 
36.733677 49.596848 40.970959 -3.582025 5.130951 0.309065 
38.607483 45.779762 38.470261 1.370755 -2.540205 -5.430985 
40.102089 49.511883 43.069618 1.013437 4.100497 4.561858 
40.366222 49.430573 43.059814 1.594249 3.670242 4.783945 
38.574982 48.132366 39.057175 -0.687138 0.775797 -6.196250 
39.684944 46.115143 38.562870 0.877142 -4.125425 -4.617835 
39.069500 49.784374 39.722099 -2.098121 3.849110 -4.497902 
38.011482 46.643944 38.771759 -1.436301 3.122074 -5.245142 
40.696732 50.274143 41.291027 0.999388 6.144360 0.766622 
37.598717 48.684151 39.346676 -1.128769 2.615109 -5.591992 
37.589294 48.405560 39.232422 -1.262952 2.114666 -5.769915 
38.424873 49.550362 42.164261 -1.682339 4.510203 4.029031 
36.830399 45.730469 39.761082 -4.945854 -3.708736 -0.490589 
42.785004 48.521713 41.897148 4.081098 3.124810 3.613199 
42.685509 48.821651 41.748283 4.167634 3.164414 3.474934 
42.554474 48.724651 41.991081 4.297879 2.919987 3.529612 
37.548195 48.114506 39.144043 -1.294582 1.410967 -5.931868 
39.432556 48.634388 38.875256 -3.318202 1.316524 -5.154963 
39.639202 48.499817 38.691261 -3.908060 0.850640 -4.837293 
39.429237 48.340252 38.826542 -3.307809 0.550335 -5.301266 
38.268829 47.284595 43.449524 -4.098951 -1.369490 4.470671 
41.518768 49.765202 39.606064 1.857423 5.427809 -2.540145 
41.239941 49.848705 39.579769 1.758872 5.374305 -2.704726 
40.136925 50.325130 40.445629 0.478175 6.163635 -1.046900 
40.306793 50.337456 40.671268 0.733732 6.200596 -0.616898 
39.601685 50.296642 40.254704 -0.351973 6.013506 -1.676708 
39.385860 50.188026 40.035431 -1.157837 5.441206 -2.801741 
42.637650 49.539101 40.235886 0.981285 6.129211 0.798206 
42.571426 49.520733 40.496769 1.882929 5.917014 0.763975 
42.817459 49.486237 40.418316 0.652194 6.081489 1.371385 
42.468922 48.998566 41.867069 4.452910 3.073981 3.185154 
39.075844 50.148102 40.097473 -1.638084 5.108861 -3.081743 
38.517582 47.683430 39.021179 -0.495292 0.678931 -6.221148 
39.507629 49.610714 42.952423 -1.132349 5.163511 3.284096 
39.806957 49.579056 43.049110 0.067971 4.597908 4.113357 
37.174950 47.743423 42.356663 -3.501401 -0.441134 5.167494 
37.028576 47.535316 42.207668 -3.647521 -1.388733 4.913496 
38.348236 47.449203 39.001884 -0.454320 1.025632 -6.174895 
42.405304 49.221973 38.576096 -0.534552 5.101890 -3.589576 
39.546776 46.317116 38.412399 0.084427 -2.298993 -5.749927 
37.157063 46.306847 39.067623 -3.672549 0.570149 -5.050242 
36.939968 46.314198 39.234413 -4.146229 -0.218092 -4.684867 
38.455357 45.297913 41.149662 0.490193 -5.865569 2.111581 
38.324711 45.386585 41.353836 -0.402144 -5.701089 2.583510 
38.192017 45.300453 41.164894 -0.618583 -5.582846 2.662256 
36.920395 47.294731 42.034973 -3.784037 -2.272053 4.439336 
42.992489 49.133915 38.547554 2.273956 4.418473 -3.686886 
43.112156 49.218002 38.743889 2.602569 4.454939 -3.519146 
42.882431 49.308224 38.735817 1.235217 5.133224 -3.293403 
37.626282 45.155182 39.434189 -0.863587 -6.192715 -0.378403 
37.487541 45.200111 39.232296 -2.101801 -5.707823 -0.965416 
37.770111 45.159966 39.172970 -0.278567 -6.086756 -1.126604 
42.602497 49.353764 38.764553 0.052824 5.422459 -3.102555 
42.705677 49.199512 38.531532 0.541707 5.002298 -3.666649 
42.512325 49.472790 39.014896 -0.175014 5.831028 -2.230937 
37.576210 47.911652 42.635120 -4.215820 0.672091 4.588396 
37.559715 45.217266 38.996456 -1.557012 -5.341618 -1.994301 
37.030483 47.857735 39.270702 -2.493286 0.836465 -5.697987 
39.414288 46.094196 38.514118 1.207130 -3.295758 -5.135112 
38.636662 47.435253 38.975143 -0.732919 1.243982 -6.097527 
38.798309 47.667789 38.992516 -0.921915 0.719933 -6.150826 
38.316372 47.015869 43.392143 -3.697294 -1.847824 4.661373 
37.721500 47.894535 42.801697 -4.834963 0.717933 3.923571 
37.721832 48.096836 42.731606 -4.548296 1.560723 4.016406 
36.992157 47.003460 41.916042 -3.872687 -2.857044 4.026922 
36.758926 47.135769 41.779015 -4.173835 -2.795440 3.737155 
37.152828 47.106453 42.125595 -3.796471 -2.483625 4.339928 
42.792946 49.448723 38.968178 0.542276 5.664304 -2.538422 
39.699963 46.540134 38.333649 -0.891175 -1.328272 -6.007848 
39.405869 46.595547 38.374840 -1.181437 0.344542 -6.033864 
39.267242 46.315662 38.406132 0.142943 -1.041144 -6.098173 
38.680141 47.903240 39.022572 -0.737895 0.525664 -6.216230 
38.830223 48.108147 39.021347 -1.107623 0.589784 -6.151595 
38.733204 48.343807 39.066868 -1.057787 1.079866 -6.093365 
38.689953 45.463932 38.862835 1.873155 -5.343543 -2.660576 
39.490646 50.061413 39.788765 -1.527700 4.764325 -3.695076 
39.677696 50.207176 39.969280 -0.635903 5.670099 -2.480496 
36.859463 46.877628 41.677429 -4.107112 -3.126985 3.568042 
42.525616 49.576672 39.758144 0.350446 6.257405 -0.164546 
42.614014 49.572178 39.490932 -0.073296 6.254246 -0.513616 
42.425804 49.542057 39.276291 -0.137460 6.132668 -1.280029 
41.782631 48.734039 38.171635 -1.052602 4.452608 -4.301457 
41.491142 48.749397 38.237785 -0.442410 4.414374 -4.441817 
41.406898 48.946606 38.450317 -0.088520 4.589479 -4.278576 
39.821419 50.345882 40.490795 0.109387 6.190032 -1.010937 
41.362141 49.687603 39.374245 1.612768 5.148268 -3.210863 
41.089638 49.756039 39.337929 1.650436 5.052042 -3.330893 
37.916107 46.689457 42.769062 -4.972113 -2.127609 3.170803 
41.193737 47.993572 37.769493 -1.026038 1.746907 -5.896231 
41.154430 48.306259 37.916313 -0.856103 2.982059 -5.439463 
41.439075 48.166046 37.790142 -0.979996 2.432452 -5.665388 
41.437565 48.395615 37.925922 -0.899801 3.602060 -5.049945 
39.940998 50.276619 40.168842 0.116077 6.061538 -1.587424 
41.707100 48.031250 37.699638 -0.538029 1.107776 -6.016179 
38.558987 50.241268 40.916363 -1.853853 5.916938 -0.012720 
40.154331 49.944988 42.396748 0.168559 5.653393 2.708249 
40.375175 50.016064 42.217354 0.410023 5.688076 2.623251 
42.843227 49.015041 38.335171 1.588229 4.422372 -4.011132 
42.995155 48.782021 38.194252 3.046135 3.315522 -4.181929 
38.021217 46.803314 42.994343 -4.814340 -1.679067 3.617042 
39.038673 48.084137 38.974209 -1.587780 0.389278 -6.060858 
38.938168 47.894314 38.983196 -1.243731 0.450930 -6.137601 
38.092075 46.548134 42.948097 -4.521588 -2.544060 3.403135 
38.156555 46.909882 43.198353 -4.370265 -1.658873 4.150184 
38.183678 50.051521 40.648800 -2.023057 5.746550 -1.488786 
38.281189 50.133987 40.906235 -2.188897 5.845838 -0.169451 
38.585323 45.384750 41.353176 0.368689 -5.885926 2.123797 
37.645336 45.338753 38.773922 -1.249302 -4.462068 -3.897214 
38.435246 45.468346 41.563404 -0.353512 -5.739944 2.493544 
38.178486 45.488186 41.534458 -1.325543 -5.475768 2.701362 
38.994453 48.292374 38.999004 -1.589558 0.787700 -6.020651 
38.712471 45.472183 41.570755 0.248211 -5.881724 2.173222 
40.799030 46.957317 43.110878 -0.067204 -1.750478 5.960105 
41.051651 47.150246 43.146355 0.109582 -0.643137 6.181260 
40.765636 47.234215 43.207901 1.315694 -1.821277 5.854550 
41.465622 47.867542 37.701897 -0.533359 0.439028 -6.124309 
38.442436 48.232265 43.611721 -3.115631 2.075153 4.919189 
42.643982 47.482021 38.014614 2.100592 -1.812205 -5.631326 
42.435108 47.618080 37.891560 1.744657 -2.152620 -5.637010 
42.670471 47.725105 37.929714 2.275892 -2.103773 -5.451435 
37.176647 49.319443 41.889450 -2.339691 3.732263 4.462293 
37.422371 49.422081 41.923038 -2.037573 3.886803 4.470458 
39.876934 49.957893 39.532841 -1.170872 4.852696 -3.774677 
40.149830 49.982769 39.512245 -0.455319 5.314512 -3.297191 
40.005730 49.825695 39.316681 -1.387119 4.600734 -3.960448 
40.870350 49.110424 38.542263 0.864133 4.172909 -4.608132 
41.128975 49.022221 38.509960 0.573659 4.426785 -4.415775 
40.938770 48.931286 38.398842 0.527547 4.181759 -4.656224 
41.157192 48.796089 38.285942 0.125378 4.268548 -4.602470 
40.922310 48.069382 37.854816 -1.311996 1.995786 -5.790574 
40.808933 48.322899 37.975693 -0.966629 2.556926 -5.627879 
40.158596 49.679794 39.111874 -1.338515 4.288191 -4.328015 
39.874798 49.605282 39.169224 -2.192237 3.797887 -4.484528 
40.425606 49.989609 39.509827 0.250429 5.539907 -2.915471 
40.566483 50.080078 39.733421 0.820310 5.738499 -2.388182 
40.696781 49.965824 39.519684 0.982855 5.557520 -2.706816 
40.829536 50.032768 39.747456 1.262826 5.693285 -2.333802 
41.304100 48.565361 38.080460 -0.430283 3.961087 -4.848384 
41.597366 48.558521 38.037487 -0.870244 4.176152 -4.607297 
41.733730 47.739532 37.705353 0.258337 -1.121404 -6.086159 
35.978153 47.923874 40.176762 -5.606430 -0.950347 -2.293018 
37.074890 46.004967 41.023491 -4.001489 -3.709671 3.109149 
36.864155 46.155483 40.923313 -4.261080 -3.620194 2.844537 
42.378254 49.603481 40.311287 2.060171 5.920304 0.133474 
40.649380 48.070499 37.922340 -1.615595 1.496578 -5.856255 
36.754128 46.391811 41.056061 -4.443307 -3.365971 2.834022 
40.990360 48.564411 38.092163 -0.301711 3.540208 -5.154475 
40.838142 48.773201 38.250217 0.016149 3.828591 -4.959672 
41.230034 47.440052 43.172970 0.580200 -0.645595 6.211396 
41.341610 47.197395 43.148731 -1.077397 0.425450 5.956307 
41.247829 46.916039 43.180660 -1.968483 1.675718 5.486859 
39.734146 49.766685 39.372662 -2.057122 4.063813 -4.274508 
40.631512 49.950752 42.296947 0.730184 5.539117 2.860990 
40.690533 49.805672 42.533886 1.061112 5.097300 3.477622 
40.890171 49.879093 42.355862 1.060744 5.282172 3.197073 
40.485977 49.724049 42.708984 1.113402 4.927781 3.697699 
40.425621 49.884281 42.472775 0.666619 5.441957 3.044485 
37.213665 46.869881 42.026402 -3.818159 -2.942757 4.025678 
38.367260 46.755096 43.313412 -3.184852 -2.462735 4.739607 
39.666592 46.972279 38.363102 -2.660162 1.353817 -5.490736 
39.612206 46.753597 38.341591 -1.741024 0.577235 -5.961167 
39.449429 46.868076 38.427849 -2.353299 1.976157 -5.440060 
36.858501 46.069050 39.350208 -4.809248 -1.021853 -3.854295 
37.127396 49.117477 42.015842 -2.411990 3.069646 4.887043 
41.961678 49.684692 41.877731 3.906879 4.400799 1.835978 
42.172886 49.467274 41.803280 4.634964 3.664925 2.083080 
42.063911 49.670006 41.603035 4.121420 4.513909 1.346640 
42.983036 49.580994 39.903088 -0.052531 6.244266 0.542748 
42.798355 49.583824 39.703239 -0.153990 6.274689 0.020253 
42.716114 49.566696 39.969463 0.216405 6.249380 0.505430 
40.218746 49.802334 42.657341 0.637030 5.363987 3.180169 
41.816299 49.843033 41.672695 3.221058 5.195876 1.300893 
42.052971 49.466625 42.061474 4.573992 3.417373 2.525570 
39.756775 46.688572 43.332588 1.924505 -3.124542 5.042578 
40.963566 49.913353 39.542614 1.490287 5.455278 -2.705143 
37.363079 46.952450 42.226093 -4.015078 -2.555963 4.094695 
42.884468 49.573227 39.441437 0.077053 6.204770 -0.816718 
38.693523 46.682365 38.611519 -1.599186 3.418709 -5.021676 
39.611298 49.909492 39.585251 -1.771238 4.346555 -4.167922 
40.281605 50.259796 40.191521 0.582762 6.087818 -1.406916 
39.209404 50.006664 39.858440 -1.893798 4.456263 -3.957701 
40.380257 48.982738 38.427944 -1.087389 3.422715 -5.082739 
40.551128 48.770519 38.262680 -0.756631 3.348144 -5.220388 
39.731709 49.334873 39.034016 -2.819882 3.423206 -4.436954 
39.931950 49.224022 38.792343 -2.843596 3.518106 -4.280132 
39.696865 49.065723 38.865799 -3.446664 2.823753 -4.421172 
41.228199 49.551601 39.124207 1.358769 4.893170 -3.693333 
37.678761 45.159069 40.155811 -1.421220 -6.025926 0.700952 
37.559624 45.165653 39.896317 -1.626511 -6.001298 0.415777 
37.853344 45.122158 39.936638 -0.436514 -6.237262 0.124901 
41.063591 49.226360 38.706257 0.987610 4.451990 -4.316506 
42.702171 49.537167 39.226341 0.046841 6.085782 -1.439495 
38.834900 45.656227 38.646576 1.922776 -4.336783 -3.973668 
40.075848 48.845680 38.456940 -2.747765 2.499218 -4.948349 
40.913818 49.652828 39.122887 1.374289 4.724326 -3.889392 
38.579048 46.468170 38.497364 -1.211323 2.820262 -5.420690 
40.661362 49.550030 38.939148 0.618780 4.593427 -4.208403 
40.683304 49.734367 39.149414 0.856698 4.803370 -3.917715 
38.363342 45.953423 38.397144 0.318108 -0.161814 -6.167610 
38.970318 45.532196 38.929520 2.009016 -5.314354 -2.600651 
39.130089 45.702045 38.761532 2.099863 -4.687274 -3.561224 
38.995167 46.296146 38.400501 -0.011757 0.057134 -6.172516 
37.047367 45.488609 39.743427 -4.560661 -4.288738 0.068120 
37.386986 45.256058 40.112373 -2.853205 -5.413063 1.003162 
37.280880 45.273949 39.838821 -3.356327 -5.141037 0.526246 
39.862278 46.789795 38.268806 -2.036921 -0.428539 -5.882778 
40.017246 49.709900 42.856987 0.504377 5.132040 3.477068 
37.524208 47.037617 42.435696 -4.339838 -2.050441 4.044984 
37.316002 47.201942 42.314014 -3.939112 -2.002862 4.461721 
40.291119 49.631767 42.888424 1.195943 4.683347 3.960382 
42.098492 47.803925 43.034874 1.520520 3.838523 4.682991 
41.955868 48.013489 42.945385 2.181002 2.747661 5.187069 
41.836998 47.821682 43.074306 0.821572 2.669702 5.591979 
40.782104 49.321774 38.720394 0.957429 4.387673 -4.372664 
37.729305 46.857670 42.587730 -4.780826 -2.024381 3.529300 
40.148758 50.203651 39.939613 0.296815 5.886904 -2.079715 
36.803467 45.872940 39.525696 -5.200564 -2.379401 -2.293010 
40.746883 49.615788 42.748737 1.575989 4.298345 4.257382 
40.292255 50.103741 39.723473 0.297455 5.657352 -2.664943 
38.469845 46.236683 38.422672 -0.594170 1.434536 -5.981143 
38.645111 46.022156 38.411175 0.382074 -0.790320 -6.146084 
38.731144 46.270538 38.406368 -0.382558 0.805642 -6.103758 
38.202969 46.219479 38.450539 -0.809728 2.155151 -5.753971 
39.563705 49.394875 43.226215 -0.131352 4.122168 4.602617 
40.964981 46.485023 43.110027 -1.763921 -0.154181 2.569982 
41.166111 46.644699 43.260963 -1.607082 0.735852 2.451399 
41.009911 46.806862 43.130474 -2.149087 0.074495 5.804554 
39.886028 47.093521 38.268253 -3.255156 0.468659 -5.335577 
41.427570 50.090385 41.298843 2.146143 5.850757 0.720002 
39.131676 50.267277 41.391212 -1.047557 5.840214 1.969624 
38.596951 50.122559 41.435757 -1.567665 5.497790 2.550054 
41.578056 49.781765 42.176884 2.362763 5.012702 2.841841 
37.254219 45.399864 40.322250 -3.647954 -4.830246 1.533566 
43.801926 48.765591 39.233704 5.516790 1.575939 -2.384689 
37.008636 47.581997 39.245293 -2.870836 0.542591 -5.546235 
39.217442 48.193264 38.924252 -2.326150 0.440378 -5.803211 
43.698986 47.855335 38.870701 2.680818 -0.248594 -1.721009 
43.552402 47.729614 38.686329 2.539861 -0.431412 -1.861760 
43.586143 47.967548 38.685631 5.132377 -0.419251 -3.583765 
40.322926 47.684986 38.004402 -3.031694 0.204593 -5.464706 
40.102951 47.534210 38.145824 -3.703046 0.326927 -5.046157 
37.243011 47.706635 39.154373 -1.990046 0.792575 -5.861354 
40.433224 50.180664 39.956589 0.702835 5.925102 -1.926118 
36.538429 47.107197 39.630199 -4.821784 -0.842196 -3.920978 
42.476189 48.857342 38.122879 -0.371188 4.568501 -4.265416 
42.596157 48.712948 37.973347 0.544938 4.035012 -4.651615 
43.943027 48.571575 39.736755 6.206122 0.733261 -0.384205 
39.082588 45.474277 39.201759 1.925614 -5.716865 -1.730555 
38.809036 45.399406 39.135303 1.927866 -5.695613 -1.781579 
41.706455 49.825203 41.938725 2.833777 5.198881 1.987030 
41.363197 50.071220 41.570984 1.953036 5.833164 1.185982 
41.917046 49.887451 40.779873 3.141501 5.406088 -0.245960 
37.673641 47.693760 42.752342 -4.708564 -0.006646 4.148433 
38.533195 45.328159 39.072945 1.822182 -5.658086 -1.995829 
37.799061 45.167664 40.414791 -1.425655 -6.026708 0.804457 
37.508247 45.258160 40.376312 -2.605692 -5.483298 1.390693 
37.062477 46.583221 39.147503 -3.220420 0.236788 -5.363987 
39.773617 47.756989 38.498718 -4.538030 0.673402 -4.286317 
38.812023 46.935612 38.747337 -1.690759 3.097506 -5.174099 
41.189964 46.043629 38.399593 -0.854719 -2.004181 -2.322771 
41.199074 46.265846 38.236187 -1.285646 -2.998268 -5.331803 
41.418602 46.180870 38.222809 -0.655738 -1.318726 -2.787563 
40.286057 49.865025 39.293873 -0.463372 5.041311 -3.604309 
37.279686 47.989811 39.198376 -1.933476 1.234860 -5.839171 
39.753571 47.488152 38.462547 -4.353953 1.183139 -4.362817 
39.716431 47.224022 38.414829 -3.730516 1.511408 -4.801074 
39.563637 47.331322 38.589382 -3.717098 1.968402 -4.617639 
39.505814 47.093468 38.506378 -3.120915 2.413543 -4.881029 
40.822231 49.830738 39.320240 1.295675 5.134863 -3.311267 
41.835964 49.657124 42.129063 3.463451 4.390268 2.664798 
41.924328 49.446316 42.294525 3.922202 3.142258 3.496846 
36.546436 47.269356 41.606876 -4.761413 -2.498202 3.211385 
42.714031 48.867420 38.138863 1.079816 4.281801 -4.322193 
43.084034 48.504829 38.102242 4.011488 1.799362 -4.317518 
41.692825 49.986328 40.620701 2.605121 5.660997 -0.689648 
42.466656 47.635735 43.067150 1.598866 5.425228 2.672692 
42.574207 47.604710 43.079285 0.703217 2.854453 1.065316 
36.627113 49.072777 41.729019 -3.445760 3.079690 4.210855 
40.714699 50.140999 39.961819 1.050618 5.861272 -1.962971 
38.601322 48.619751 39.152184 -0.988652 1.938842 -5.880392 
40.443443 48.572300 38.175941 -1.571377 2.751694 -5.403351 
39.025620 50.143780 41.611141 -1.385187 5.366736 2.928365 
43.831463 48.531307 40.559322 5.757556 0.354492 2.412218 
39.113735 46.961544 38.650410 -2.154081 3.135047 -4.979841 
39.024162 47.179363 38.811043 -1.869526 2.509000 -5.402145 
38.926350 45.371647 39.410809 1.936714 -5.853335 -1.190985 
38.912067 49.824364 42.024639 -1.714728 4.932793 3.481197 
38.884834 49.660656 42.250717 -2.139672 4.994124 3.125863 
40.510769 46.416000 42.873863 -0.702357 -2.770927 5.475975 
40.283318 46.453079 42.918320 1.268448 -3.421685 5.072407 
40.378571 46.264835 42.784622 -0.031764 -3.415144 5.226486 
37.626873 45.273994 40.639668 -2.670734 -5.306431 1.800078 
42.705002 47.663982 42.827045 1.285654 2.365883 1.688441 
38.654621 49.508965 42.326088 -2.171479 4.867192 3.280489 
37.277115 45.868439 41.109627 -3.945391 -3.715390 3.178969 
37.482517 45.740326 41.220753 -3.866890 -3.848504 3.107093 
37.370266 45.956051 41.327564 -3.995979 -3.591099 3.256634 
36.447201 46.916286 39.828571 -5.457204 -1.409029 -2.713416 
36.593651 46.828094 39.601334 -5.234839 -0.529287 -3.403460 
41.634109 49.980812 41.477890 2.636409 5.591799 0.997766 
43.112965 48.200317 38.065239 4.163728 -0.035539 -4.515507 
42.920979 48.397575 37.936550 3.504465 1.195959 -4.931567 
36.470715 49.242359 40.193737 -3.325054 4.592271 -2.527719 
37.194431 46.046993 41.214722 -3.914879 -3.655888 3.283591 
43.907417 48.550415 39.443481 6.040581 0.937766 -1.320367 
41.095089 50.123146 41.657372 1.385026 5.933420 1.505313 
38.400703 50.149475 41.198330 -1.943928 5.770673 1.343993 
40.022270 50.103958 39.716824 -0.236211 5.437146 -3.070362 
42.370430 48.401894 42.442162 3.874076 2.697136 4.134807 
42.446102 48.597912 42.221645 4.257915 2.751292 3.710307 
42.206516 48.713589 42.412254 4.164473 2.352204 4.061489 
36.560589 49.472633 40.888729 -3.994521 4.815641 0.133481 
39.521343 45.451664 41.156364 -0.025006 -6.237293 0.654311 
39.541840 45.435944 40.900200 0.180641 -6.258591 0.255131 
39.819576 45.418777 41.011841 -0.237459 -3.243209 0.109311 
40.580524 46.173561 42.771160 -0.749135 -1.577221 2.614277 
36.990990 48.919258 42.058823 -2.631265 2.341472 5.137578 
38.261097 49.917313 40.262558 -1.752758 5.136463 -3.144943 
42.702789 47.995377 37.838150 2.470404 -1.560382 -5.483232 
42.722637 48.306290 37.796478 2.298596 0.578855 -5.498361 
37.154915 49.814968 41.241135 -2.374240 5.372546 1.756385 
37.402439 49.841991 41.390133 -1.827084 5.437534 2.373945 
37.413425 49.917324 41.121704 -1.448584 5.997467 0.687441 
40.698788 48.964172 38.396961 0.162888 3.850747 -4.939879 
42.340504 49.618397 40.585812 2.868528 5.575104 0.210966 
42.125572 49.748352 40.672882 3.359604 5.290556 -0.212369 
42.297676 49.619701 40.849548 3.474283 5.194935 0.562601 
41.593067 46.966286 43.446362 -2.039810 1.637746 1.754539 
41.457626 47.010532 43.227058 -3.102874 2.167712 4.430188 
40.900436 50.209454 41.477100 1.201388 6.036064 1.184042 
37.934925 46.212002 38.502186 -1.650865 2.649808 -5.350768 
43.913387 48.951920 40.037106 6.170064 0.915915 -0.175021 
43.932068 48.699348 39.973545 6.254912 0.463282 0.075577 
37.953934 48.484901 42.814800 -4.800118 2.602918 3.092634 
38.033997 48.377647 43.061760 -5.019602 2.219967 2.988065 
38.140430 48.649052 42.980324 -4.765688 3.061422 2.691600 
38.769199 49.078423 39.334312 -1.472421 3.103293 -5.254490 
37.224205 49.830883 40.665176 -1.791130 5.668635 -1.656819 
39.281052 45.890369 38.630463 1.870469 -4.066864 -4.357769 
39.148720 46.072472 38.457581 1.130922 -2.361408 -5.573946 
38.858440 48.822838 39.179176 -1.534179 2.406804 -5.587436 
38.590954 47.022152 38.855419 -1.216356 2.515430 -5.595239 
38.747437 47.194065 38.893089 -1.236662 2.130846 -5.738835 
39.120468 48.443420 43.647430 0.490566 1.266386 6.118303 
39.351791 48.648174 43.583084 0.751319 1.313468 6.075263 
39.063587 48.707287 43.585796 -0.084332 1.862731 5.964572 
37.437073 49.712166 41.619068 -2.066148 4.750596 3.520315 
37.651947 49.862415 41.515961 -1.616820 5.388058 2.643625 
43.687473 48.656075 38.961128 5.162869 1.619010 -3.121123 
41.984383 48.930325 42.519089 3.935330 2.119489 4.396820 
41.960545 49.193829 42.410458 4.036727 2.336066 4.164439 
41.780613 49.098381 42.606647 3.376303 2.261381 4.760817 
41.779480 48.849182 42.711792 3.288293 2.007811 4.950519 
36.496414 46.460300 40.310326 -5.820382 -2.314577 0.266983 
39.652565 48.796494 38.754131 -3.722436 1.838795 -4.684073 
40.835072 50.155579 41.734798 1.045539 5.927766 1.772409 
36.563042 49.456474 41.108730 -4.064779 4.584799 0.998418 
40.474953 48.324379 38.043827 -1.775366 2.120258 -5.550552 
40.181385 48.196587 38.135464 -3.333186 1.212719 -5.014829 
43.922623 48.763538 40.158459 6.244755 0.180517 0.499230 
38.789761 46.758419 43.500027 -1.039830 -2.722546 5.445179 
38.919033 47.424347 38.928909 -1.358223 1.521142 -5.898829 
41.796062 47.207455 43.409683 -3.581268 3.559938 3.556997 
36.108376 47.915997 39.972359 -4.944617 -0.739175 -3.729475 
36.477272 47.535320 41.679939 -4.910854 -1.901970 3.401632 
41.967804 48.668201 42.653091 3.639171 2.029858 4.683558 
41.382786 46.806877 43.347450 -1.770450 1.589824 2.089789 
41.335136 46.429729 38.145325 -0.775940 -2.169671 -5.838291 
41.665756 46.340115 38.117924 -0.438030 -0.767332 -3.011548 
39.337040 45.446510 39.730564 1.589891 -6.027462 -0.771591 
39.469265 45.518284 39.507782 1.726044 -5.906313 -1.246904 
39.598812 45.510971 39.737450 1.475297 -6.012850 -1.051699 
37.612011 45.520401 41.084240 -3.390240 -4.413049 2.875553 
36.520493 46.393639 40.016895 -5.941321 -1.787281 -0.666949 
37.366280 46.314617 38.919594 -3.698307 1.634410 -4.787765 
39.543331 45.937668 38.703640 1.651741 -4.529307 -4.009791 
37.756630 45.317204 40.903717 -2.684685 -5.075881 2.417938 
37.900810 45.396603 41.189201 -2.338614 -5.022324 2.846414 
42.196331 47.982216 42.834942 2.792337 3.336847 4.510384 
38.053680 45.212494 40.945423 -0.988807 -5.630476 2.060552 
42.143497 49.706703 40.401814 2.892040 5.540340 -0.507666 
36.221256 48.065575 39.829800 -4.517598 -0.017314 -4.323356 
42.255470 48.891720 38.205708 -0.997970 4.626641 -4.127086 
39.261383 49.599842 42.817268 -2.192212 5.374385 2.333902 
39.473835 49.734383 42.688248 -1.780472 5.472282 2.469964 
39.267033 49.698963 42.562275 -2.484221 5.354987 2.145585 
36.207680 48.616680 39.932907 -4.390019 1.473943 -4.165560 
42.731209 48.538029 37.868134 1.915954 2.596854 -5.017189 
40.504360 46.091232 38.600498 -0.850142 -4.982490 -3.717086 
36.387093 46.712612 40.417042 -5.707902 -2.536729 0.203367 
38.115330 45.732769 41.918083 -2.456054 -4.801602 3.135555 
37.976120 45.928516 42.053535 -3.577001 -4.030436 3.178009 
37.875751 45.830914 41.819878 -3.577808 -3.981042 3.242764 
40.567932 47.036343 43.178497 1.508193 -2.528355 5.532560 
43.903679 48.931702 40.292316 6.058599 0.590796 1.106724 
36.648624 49.506119 40.507225 -3.368206 4.986612 -1.444381 
39.803600 45.450073 41.346405 -0.282972 -3.209055 0.496119 
41.457882 50.063251 40.475105 2.241590 5.769169 -1.010421 
41.662125 49.952679 40.347355 2.464442 5.641837 -1.209476 
41.476131 50.090008 40.750423 2.234855 5.843917 -0.417031 
38.888023 45.878418 42.612503 -0.577646 -5.618174 2.703647 
43.040874 48.770485 41.408314 3.893616 3.113835 3.818551 
42.969158 48.960537 41.311069 3.562965 3.590606 3.721374 
42.827610 48.910347 41.503815 3.890054 3.446347 3.524710 
43.880959 48.184517 40.461590 3.065477 0.155059 0.949212 
43.946899 48.193802 40.172218 3.171704 0.195615 0.486016 
43.901222 48.428841 40.336552 6.117248 0.273787 1.367359 
39.470940 48.914558 38.950626 -3.191539 2.324828 -4.873192 
41.234680 47.697166 37.718967 -0.498754 -0.257187 -6.149254 
38.892788 46.056252 38.422127 0.707586 -1.499152 -5.936462 
37.975258 45.127464 40.193649 -0.325518 -6.250316 0.290986 
40.787342 48.494701 43.290707 1.949079 1.140147 5.847243 
40.644489 48.256153 43.370594 1.703791 0.600260 5.997651 
40.934284 48.242519 43.276455 2.094569 0.578910 5.880162 
40.988495 49.444180 38.910641 1.222473 4.583856 -4.115094 
36.411480 46.753201 40.706375 -5.528673 -2.699486 1.216606 
42.452065 47.880642 37.792755 1.653709 -1.927449 -5.726996 
42.209461 47.753994 37.771072 1.303341 -1.945601 -5.800371 
42.581371 48.332745 42.271866 3.957007 3.055539 3.799390 
40.037678 49.453281 38.962357 -2.143290 4.083949 -4.252650 
40.201664 49.337425 38.742069 -1.602183 4.124050 -4.301073 
40.761768 47.658268 37.815472 -1.922391 0.191930 -5.920016 
40.973137 47.808704 37.764336 -1.380227 0.875151 -5.960182 
41.001167 47.530422 37.758732 -0.894452 -0.880996 -6.043978 
39.056484 49.553856 42.664078 -2.750543 5.287776 1.986355 
39.039703 49.452934 42.926342 -2.557824 5.234426 2.278681 
40.681320 48.563721 38.117985 -0.779235 3.083719 -5.381866 
39.445618 49.816948 42.466606 -2.036170 5.490527 2.248373 
38.081562 46.017036 42.287106 -3.637414 -4.087160 3.049711 
38.221905 45.821136 42.146358 -2.457845 -4.923199 2.927020 
37.410397 45.198757 39.433567 -2.374245 -5.621807 -0.550574 
42.606472 49.074039 41.599342 4.118549 3.590754 3.086621 
40.774052 46.330070 42.939556 -1.201171 -0.896384 2.749408 
38.861748 49.513832 42.497677 -2.637793 5.148852 2.413526 
38.632626 49.353683 42.585102 -2.910640 4.944586 2.535859 
39.924984 47.651154 38.319469 -4.397241 0.673674 -4.431270 
39.262836 46.794113 43.502079 0.781067 -2.558856 5.658824 
39.266487 47.067097 43.601738 0.951023 -1.763877 5.932321 
39.654068 45.620461 41.949894 -0.364527 -5.918737 2.070928 
39.830849 45.509922 41.667469 -0.325944 -3.159568 0.826790 
39.906784 45.600185 41.960453 -0.265466 -3.012117 1.138960 
39.397335 45.762299 38.846939 2.058877 -4.856775 -3.390409 
39.104809 49.801392 42.175938 -2.178763 5.076203 2.976705 
39.080967 49.666752 42.409870 -2.549171 5.194458 2.425784 
43.851173 48.423412 39.182354 5.764232 0.842456 -2.218065 
41.315464 49.370796 42.724125 2.141842 3.121737 4.979428 
41.556820 49.244659 42.672516 2.802829 2.581782 4.979058 
40.987141 45.931629 38.631996 -0.909967 -2.423562 -1.844177 
40.921238 46.090618 38.471153 -1.643518 -4.442838 -4.114656 
37.574543 45.841339 41.455368 -4.003382 -3.676592 3.145746 
36.322224 46.986259 40.816113 -5.539124 -2.585098 1.366174 
41.876537 46.918346 38.002865 0.143454 -1.272921 -6.126189 
43.861694 49.227676 40.173668 5.232954 2.582992 0.584666 
40.163307 46.878105 43.251217 2.309353 -2.973296 5.027416 
38.093060 45.131126 40.449532 -0.153410 -6.226280 0.420282 
36.906956 49.162971 41.860687 -2.811880 3.252562 4.549478 
38.494884 45.762691 42.203598 -1.306499 -5.559676 2.590417 
38.626350 45.847088 42.459877 -1.276367 -5.510648 2.660200 
38.321365 45.901009 42.379089 -2.413017 -4.926870 2.890256 
40.957615 49.231110 42.953506 2.111753 3.008135 5.083146 
41.151073 49.058739 42.960167 2.387101 2.445014 5.262729 
41.164268 49.252308 42.853046 2.128095 2.947166 5.116687 
41.479862 49.555256 39.223778 1.104377 5.225846 -3.296558 
41.966358 49.688992 39.832443 1.813735 5.833840 -1.416648 
37.881458 48.240582 42.878605 -5.017198 1.899090 3.256002 
37.683746 49.972538 41.004620 -1.185930 6.141322 -0.045728 
37.976143 50.027447 40.884392 -1.606789 6.038773 -0.416241 
37.711514 49.945831 40.739258 -1.317307 6.018968 -1.182649 
40.801338 46.671101 43.021748 -1.823131 -1.328715 5.684358 
41.093082 49.985676 39.786964 1.628471 5.623804 -2.250185 
42.900665 49.538387 40.167564 0.045226 6.181445 1.109904 
40.911823 49.002316 43.092045 2.149194 2.342431 5.397039 
36.669556 49.408134 40.266682 -2.939735 4.800972 -2.700959 
36.057453 48.708702 40.172443 -5.095682 2.029080 -2.862466 
36.522213 46.616405 39.791180 -5.751888 -1.075019 -2.175601 
39.077667 47.673325 38.937336 -1.700204 0.798575 -5.950285 
40.447105 49.719048 39.103809 -0.099086 4.661469 -4.139966 
40.329422 49.529259 38.923996 -0.832806 4.501960 -4.263816 
42.909832 48.664833 41.633579 4.044139 3.128477 3.650804 
37.829659 46.407417 38.671654 -2.096719 3.257129 -4.929021 
42.450382 47.919804 42.708492 2.950678 3.729588 4.061525 
42.288567 48.178005 42.642353 3.350883 2.814488 4.501301 
41.130184 48.818680 43.069328 2.450365 1.903037 5.448536 
39.536751 49.136097 39.031506 -3.048984 2.866832 -4.680795 
43.968937 48.135921 39.595661 3.198022 0.174952 -0.369204 
43.920116 48.067589 39.326298 3.098660 0.120834 -0.900500 
43.930534 48.310265 39.424999 6.099048 0.497995 -1.339022 
38.483925 47.209053 38.937504 -0.742152 1.691385 -5.991495 
39.743477 49.155342 43.369282 0.832021 2.786778 5.501440 
36.013599 48.558716 41.170673 -5.503335 0.770926 2.711076 
36.160011 48.817223 41.297020 -5.265934 2.051837 2.666056 
36.044388 48.863663 41.026295 -5.122447 2.814709 1.831693 
40.351654 48.278835 43.435036 1.291185 0.620714 6.112582 
40.226398 48.549618 43.426270 1.346584 0.985773 6.052354 
40.059578 48.324799 43.488735 1.216290 0.590658 6.133137 
39.902920 48.603611 43.485771 1.248322 0.952609 6.080413 
41.747562 49.352028 42.495136 3.265974 2.767676 4.562733 
36.969830 49.676155 41.307423 -2.966695 5.047409 2.218243 
38.767487 45.729515 42.228550 -0.559768 -5.799706 2.326177 
39.847015 48.674847 38.556786 -3.756282 1.517723 -4.774808 
40.511166 48.505180 43.367977 1.536756 1.077353 5.986606 
40.810818 47.086136 37.897968 -0.706928 -1.888552 -5.889617 
40.774136 47.377541 37.835133 -1.395896 -1.017514 -5.991843 
41.043999 47.255390 37.833603 -0.235754 -1.898463 -5.962882 
36.574673 48.099800 41.951630 -4.040157 -0.354511 4.758572 
40.716579 49.195377 43.071144 2.028600 2.819088 5.221320 
35.920765 48.662960 40.914219 -5.678171 1.407663 1.446010 
36.314465 49.038338 41.414600 -4.672581 3.022856 2.590989 
36.292538 48.770081 41.574173 -4.938664 1.655295 3.355090 
36.430840 48.989334 41.615139 -4.127541 2.811074 3.668034 
36.654556 46.560226 39.538273 -5.320551 -0.544801 -3.239962 
37.890770 45.342598 38.753155 0.060478 -5.124318 -3.530412 
39.990311 46.675529 43.208271 2.358254 -3.289292 4.801464 
38.661179 48.369228 43.649197 -1.509071 1.989783 5.697201 
39.507267 46.717918 43.423588 1.252667 -2.869584 5.401290 
39.575985 46.501484 43.264385 1.560779 -3.539182 4.927887 
39.274246 45.415192 40.986515 0.917839 -6.174538 0.644417 
41.796795 47.121460 43.547878 -2.001222 1.958424 1.229276 
40.869095 48.747852 43.199272 2.088035 1.698149 5.662368 
41.899994 48.431030 42.793919 3.181624 1.972302 5.037981 
42.132629 48.438396 42.621552 3.627691 2.294333 4.583500 
39.296978 47.354641 43.661827 1.441171 -1.235218 5.979931 
38.085064 47.977924 43.312737 -5.022727 0.680922 3.654488 
41.360317 48.907909 42.921261 2.655200 2.064513 5.304850 
41.359577 49.141224 42.825939 2.509237 2.470007 5.188827 
36.862713 49.536961 41.468052 -2.926548 4.620080 2.926953 
42.966991 49.430996 40.565121 0.663790 5.890212 2.062796 
43.237522 49.400639 40.584332 0.921354 5.418079 2.912254 
43.075451 49.497967 40.359104 0.155495 6.007394 1.770730 
38.382584 45.676689 41.974449 -1.274214 -5.448835 2.825037 
35.932537 48.177750 40.911167 -5.975221 -0.805452 1.679572 
35.908493 48.410820 40.913391 -5.992172 -0.097656 1.602363 
43.827919 47.972084 39.080719 2.919886 -0.104569 -1.377232 
43.754768 48.108414 38.931179 5.420145 -0.080853 -3.133403 
36.722744 46.753384 39.422989 -4.831848 -0.138068 -3.968341 
41.647770 49.892231 40.090595 2.311476 5.609329 -1.618244 
41.209431 50.126892 40.339329 1.863434 5.831548 -1.313048 
39.200844 45.447880 39.467216 1.785357 -5.910077 -1.145590 
42.623489 48.495518 42.096317 4.094410 3.010451 3.690699 
38.140259 50.063004 41.128559 -1.847699 5.962420 0.663705 
38.834141 49.395618 42.765297 -2.983781 5.169457 1.956904 
40.945152 50.086411 39.948399 1.454037 5.752250 -2.035238 
36.689507 49.565327 40.733528 -3.507970 5.161174 -0.440126 
40.540108 47.522182 37.899014 -2.343081 -0.139528 -5.794502 
37.928219 49.967392 40.599937 -1.518530 5.832869 -1.685406 
43.126640 48.528980 41.503204 4.181986 2.905054 3.678083 
41.769299 47.485317 37.796440 0.737625 -2.211860 -5.827730 
37.131527 47.320160 42.212994 -3.750236 -1.918389 4.655149 
40.981712 46.246208 38.308128 -1.307647 -3.676717 -4.902486 
39.217285 46.273083 43.158970 0.423420 -4.195092 4.629491 
39.294044 46.515556 43.341808 0.832969 -3.478058 5.130422 
40.618462 48.948685 43.217686 1.859874 2.079021 5.615669 
35.984856 48.863125 40.749687 -5.260288 3.091660 0.296987 
40.566490 47.803947 37.905209 -2.195817 0.624405 -5.839555 
40.562195 49.867352 39.304493 0.503667 5.216075 -3.384937 
37.010975 49.436996 41.694859 -2.477406 4.095983 4.012452 
37.125771 48.939842 39.589767 -1.462355 3.372341 -5.066375 
40.466175 49.211239 43.157585 1.829292 2.701710 5.346497 
42.048126 48.213024 42.792503 3.084343 2.455648 4.884533 
41.810352 48.211632 42.926689 2.582228 1.978832 5.366214 
40.371422 47.997543 37.995125 -2.580539 0.833086 -5.554598 
38.870750 45.408756 41.333923 0.761985 -5.999952 1.674074 
40.590534 50.066025 42.061531 0.606407 5.728528 2.500138 
41.672825 47.631538 43.149090 -0.236490 1.735331 5.969861 
39.420609 46.162788 43.027489 0.980669 -4.410402 4.305620 
37.577656 46.361874 38.776535 -3.113280 2.638883 -4.741193 
41.547894 49.960087 41.749882 2.406987 5.577893 1.509073 
41.574238 49.002621 42.774609 2.883414 2.142747 5.143173 
38.016632 45.630524 41.690796 -2.505509 -4.800371 3.053767 
37.151958 49.666126 41.504696 -2.365285 4.792641 3.236057 
36.218033 47.320793 40.050762 -5.578454 -1.735605 -2.207794 
36.421253 49.254856 41.248432 -4.495008 3.955390 1.799375 
36.226269 49.072075 41.133530 -4.851179 3.554393 1.575012 
36.738987 49.320709 41.626019 -3.236882 3.708868 3.757556 
36.662727 47.402119 41.859058 -4.332530 -2.157889 3.897526 
39.355362 45.543476 39.260769 1.868282 -5.710358 -1.787251 
39.618793 45.614780 39.312798 1.840171 -5.695930 -1.874843 
40.126606 45.509258 40.037266 0.087969 -3.128492 -0.911750 
39.973526 45.441124 40.341843 -0.025589 -3.272849 -0.490822 
39.894882 45.497746 40.078213 0.295812 -6.138482 -1.284702 
37.256844 47.461136 42.363594 -3.757041 -1.284434 4.850644 
37.476772 47.321213 42.504757 -4.208843 -1.327570 4.456721 
41.097672 46.981998 37.935135 0.089210 -2.260474 -5.858111 
37.713123 46.599941 38.846470 -2.140743 2.656689 -5.258626 
43.737144 48.345100 38.920048 5.338522 0.777381 -3.121626 
37.304890 46.714336 39.044651 -2.322081 0.819077 -5.767842 
38.373028 45.153152 40.489468 0.865181 -6.186621 0.364714 
38.210049 45.159870 40.704006 0.220006 -6.166579 0.965688 
38.468143 45.192432 40.725403 0.970077 -6.122399 0.900944 
42.510864 49.035801 38.317986 -0.220884 4.787409 -3.995661 
38.328449 45.218140 40.941040 0.458433 -5.997601 1.680796 
38.129528 48.239662 43.285309 -4.825415 1.691108 3.596936 
38.258358 45.267807 39.015957 1.397468 -5.668374 -2.263168 
37.988300 45.233860 38.966446 0.626785 -5.705636 -2.412877 
37.785011 45.723286 41.586166 -3.579973 -4.100406 3.061714 
37.917721 45.169968 40.679722 -1.347664 -5.859931 1.234033 
38.647530 45.292820 39.346386 1.979009 -5.813803 -1.314638 
38.370770 45.210255 39.278965 1.602469 -5.871348 -1.362903 
39.875690 48.961414 38.653084 -3.335648 2.577015 -4.594619 
40.750393 46.021309 38.628162 -1.418470 -4.922887 -3.624252 
41.911079 49.856762 40.473038 2.952838 5.472517 -0.799120 
38.265404 45.134079 40.237659 0.627574 -6.231868 0.043321 
41.107159 48.518295 43.165501 2.323062 1.289387 5.679266 
37.275665 46.492695 39.029476 -2.983575 1.019684 -5.419322 
43.579418 49.427982 40.443592 2.422887 4.500292 2.499332 
39.814342 45.974140 38.759186 1.059381 -4.963801 -3.687727 
38.081341 45.158234 39.223370 0.710426 -6.005232 -1.256179 
37.278442 49.530930 41.740822 -2.189782 4.300582 4.010580 
39.055073 49.035297 39.217674 -1.985685 2.749288 -5.285754 
40.912960 50.176586 40.206001 1.307727 5.932210 -1.486171 
40.600517 49.174107 38.553139 0.194953 3.981712 -4.796442 
40.492485 49.371063 38.727074 -0.078837 4.410847 -4.385411 
36.000420 48.262520 41.129066 -5.718940 -0.487604 2.485335 
36.303177 48.370148 41.690022 -4.990107 0.206908 3.716644 
36.267807 48.538597 41.601509 -5.209156 0.849596 3.397172 
36.204319 48.406212 41.529003 -5.414500 0.348162 3.118036 
40.799541 45.833591 38.891472 -0.789729 -2.648965 -1.559093 
37.840275 47.997551 42.932686 -5.092600 1.069069 3.500551 
38.078068 47.713146 43.311577 -4.979885 -0.285870 3.787619 
37.658031 49.370808 39.793297 -1.164240 4.187978 -4.519067 
37.856670 49.252087 39.650585 -1.022536 3.814268 -4.881655 
37.612335 49.157856 39.628693 -1.081255 3.729608 -4.930604 
40.771431 50.279522 41.023838 1.134211 6.171793 0.179962 
37.244167 46.167530 41.401146 -3.896958 -3.582916 3.383284 
43.008240 47.813820 42.339981 1.842590 1.923417 1.657712 
42.924721 48.058994 42.156830 3.881129 3.495292 3.484965 
37.974613 48.119343 43.106037 -5.175149 1.305151 3.272324 
38.208435 48.497013 43.243027 -4.761689 2.341653 3.305249 
40.639233 48.690773 43.289955 1.770539 1.533121 5.823848 
36.168159 48.571831 41.427402 -5.392873 0.917341 3.063560 
39.033066 46.644791 43.455421 0.141456 -3.060574 5.402688 
43.166725 48.874439 41.204777 3.657788 3.153546 4.003162 
40.542156 47.223286 37.923466 -1.978209 -1.062640 -5.795312 
43.297714 48.990486 41.008240 3.330017 3.175125 4.248605 
43.378635 48.763992 41.081043 4.011486 2.418500 4.175607 
43.443249 49.070644 40.845383 3.161697 2.981012 4.508826 
36.013191 48.005955 41.066776 -5.718948 -1.253017 2.188755 
36.112122 48.099533 41.320221 -5.566607 -0.850585 2.751580 
42.751995 49.442196 40.658272 1.609205 5.866517 1.520416 
38.768223 45.281128 39.624874 1.966060 -5.907850 -0.793862 
38.487118 45.196335 39.557720 1.596434 -5.999355 -0.688972 
39.483028 45.484718 41.382942 -0.032206 -6.173452 1.114558 
39.813049 46.480396 43.149635 2.135762 -3.612524 4.671813 
39.631069 46.300343 43.089199 1.758408 -3.938031 4.529517 
38.274445 45.577988 41.753334 -1.239908 -5.396699 2.890164 
39.244137 45.602055 39.008236 2.044558 -5.330371 -2.570420 
43.253262 48.643620 41.284115 4.152209 2.648314 3.894188 
40.048000 48.346035 38.288975 -3.909227 1.419937 -4.645842 
36.601997 47.636284 41.888351 -4.484211 -1.432528 4.116097 
38.991928 45.367241 41.073586 1.193041 -6.058945 1.103090 
39.207775 45.450710 41.296280 0.691945 -6.122660 1.200133 
39.849316 48.349949 38.479992 -4.233893 0.824089 -4.551792 
42.516457 49.508080 40.755360 2.658402 5.593470 0.989010 
40.128063 49.106445 38.593517 -2.164547 3.327680 -4.797770 
36.817924 46.556770 39.324928 -4.347275 -0.266946 -4.448524 
39.580856 45.514160 41.544270 -0.388460 -6.122785 1.314232 
39.454807 46.936462 43.526608 1.179061 -1.998756 5.814711 
38.443901 48.355614 39.104725 -0.653139 1.288582 -6.107809 
41.699883 49.792961 39.841335 2.139030 5.581068 -1.920672 
37.188404 49.365318 39.927628 -1.455675 4.352853 -4.270667 
37.246552 49.555519 40.130226 -1.347942 4.956822 -3.587629 
36.942162 49.451408 40.109978 -1.949971 4.657824 -3.605652 
37.452503 47.647270 42.537598 -3.984845 -0.329648 4.826952 
36.877487 46.811386 39.265034 -3.795094 0.132251 -4.914910 
36.874302 48.819767 39.596565 -2.024590 2.915929 -5.137313 
39.511265 45.670856 39.077942 1.995167 -5.342140 -2.601470 
36.312553 47.030075 40.053577 -5.638550 -1.965109 -1.852318 
36.922924 45.656933 39.544125 -4.995638 -3.403608 -1.353358 
37.725773 49.892933 40.532200 -1.356076 5.769967 -2.054621 
38.087730 46.420479 38.590813 -1.409524 3.350209 -5.107276 
40.371681 45.988186 38.789116 -0.478682 -5.322802 -3.292321 
39.456802 49.298702 39.178291 -2.669551 3.070822 -4.784034 
39.602009 49.530529 39.259678 -2.504883 3.448303 -4.614898 
38.311859 48.347839 43.441528 -4.227703 1.888341 4.220870 
40.216797 46.661404 43.087013 2.044707 -3.279500 4.946824 
40.050869 46.460541 43.022152 2.134940 -3.598112 4.684000 
39.943153 45.865662 38.973278 0.905055 -5.425755 -3.012750 
38.332554 46.428402 38.535473 -1.202566 3.142198 -5.280231 
36.445892 47.834110 41.778358 -4.722903 -1.215292 3.877838 
36.618950 49.415554 41.372765 -3.836155 4.198695 2.346597 
37.403950 49.268539 39.770714 -1.297087 4.057775 -4.606903 
37.156723 49.157364 39.749649 -1.491902 3.917075 -4.671555 
40.486271 48.013851 43.427418 1.478230 0.216018 6.086040 
40.769161 47.995152 43.342236 1.979068 0.033787 5.955659 
43.202374 49.213516 40.879627 2.240868 4.430677 3.718929 
38.547249 45.559841 41.783394 -0.402122 -5.715615 2.550830 
40.168980 48.023838 43.486816 1.192737 0.285047 6.161460 
38.607941 46.629284 43.360355 -1.997544 -3.168551 5.009880 
38.425476 46.519543 43.207050 -2.513895 -3.126014 4.779928 
38.827106 46.553364 43.377075 -0.982341 -3.499618 5.079206 
38.897709 48.271164 43.698994 0.146916 1.578813 6.057182 
42.455116 49.489426 41.012150 3.292759 5.216426 1.132664 
40.344513 47.776112 43.460056 1.369468 -0.217200 6.111673 
40.360382 49.205376 38.596542 -0.885281 3.841354 -4.845429 
38.799164 45.252914 40.384571 1.753156 -6.030565 0.046934 
39.050892 45.331818 40.512341 1.676599 -6.051650 0.140869 
38.841629 45.273266 40.643936 1.752193 -6.012325 0.425947 
39.841263 48.907864 43.442646 1.169854 1.646014 5.915415 
36.278080 46.978558 40.529167 -5.741847 -2.449307 0.432012 
39.511665 45.461926 39.967510 1.243273 -6.119027 -0.680487 
39.215527 45.390015 40.014404 1.617417 -6.053702 -0.414560 
39.319817 49.068264 39.119392 -2.595988 2.709643 -5.033966 
42.359715 47.764404 42.934952 2.321123 4.453464 3.732077 
39.725571 45.588089 39.539341 1.623422 -5.896270 -1.436314 
39.833652 45.567001 39.745850 1.260604 -5.974928 -1.462834 
37.737602 45.133884 39.679668 -0.608710 -6.234560 -0.100445 
37.905125 45.135609 39.454430 -0.061101 -6.260880 -0.367179 
39.419617 48.049141 43.647137 1.422264 0.486620 6.098354 
39.155869 48.155392 43.691467 1.074064 0.958733 6.108596 
36.604836 46.293198 39.710915 -5.771824 -1.207456 -1.888670 
36.304932 49.078953 40.154819 -4.068775 3.933967 -2.527206 
39.381054 45.646339 42.008877 0.037449 -5.947355 2.023411 
39.482506 45.570023 41.759827 -0.153060 -6.037688 1.713296 
42.850334 47.549244 38.080631 2.621441 -1.630486 -5.464745 
38.208370 46.657936 43.135841 -3.928191 -2.230405 4.296201 
40.610916 47.755131 43.391911 1.881403 -0.552493 5.924872 
37.708721 45.616982 41.338356 -3.467910 -4.299179 2.954863 
39.008034 46.407871 43.292305 -0.122573 -3.912938 4.827992 
41.023300 50.231049 40.951210 1.381456 6.121028 0.059164 
36.417351 48.794510 39.814163 -3.358818 2.192493 -4.710191 
36.486118 49.085743 39.944313 -2.876022 3.678694 -3.842304 
36.673073 48.933346 39.748383 -2.280563 3.039409 -4.941448 
39.320580 47.601032 43.689644 1.822320 -0.303226 5.995021 
36.114765 47.413960 40.296181 -5.742159 -2.208246 -1.085782 
41.074242 49.941730 42.175865 1.216656 5.476814 2.783693 
37.371124 49.051956 39.605598 -1.240213 3.578733 -4.998380 
41.005917 50.214714 40.514519 1.367106 6.052522 -0.806883 
41.251972 50.156631 40.613094 1.897503 5.940193 -0.644860 
38.891312 45.294247 39.913399 1.896855 -5.972526 -0.417772 
39.053715 45.370365 39.693439 1.874869 -5.950694 -0.731226 
39.663006 45.822849 38.917198 1.716582 -5.101492 -3.228256 
36.514626 49.190990 41.507782 -4.036871 3.597479 3.140052 
40.133621 46.229046 42.793900 1.313333 -3.902656 4.710451 
41.406963 47.671658 43.170330 0.894766 0.276484 6.190804 
36.941196 49.238754 39.898113 -1.705413 4.153714 -4.385826 
40.405369 48.758228 43.340130 1.603878 1.515262 5.873764 
38.106926 45.415642 41.341373 -1.393628 -5.438470 2.801297 
38.717686 45.332436 41.121723 0.987513 -5.985673 1.625768 
39.430946 46.343582 43.185787 1.087932 -3.885585 4.786934 
38.611607 48.873432 39.256908 -1.110486 2.734320 -5.540603 
39.209011 49.249233 39.273968 -2.289162 3.048406 -4.991575 
40.317379 45.607460 39.761433 -0.084815 -2.861052 -0.851548 
40.186611 45.658398 39.596600 0.017226 -6.059184 -1.536291 
40.458443 45.666927 39.454391 -0.296351 -3.046349 -0.981495 
36.744362 46.315693 39.433384 -4.993061 -0.652800 -3.633543 
39.385292 48.337025 43.627308 1.118251 0.798445 6.123208 
38.266422 46.455429 43.074516 -3.337735 -3.076849 4.102982 
42.503914 49.294220 41.434376 3.988564 4.167394 2.471293 
42.379414 49.255344 41.710514 4.470958 3.572695 2.577359 
41.140022 47.704762 43.217953 1.360357 -0.378298 6.110887 
38.828602 49.299377 43.032745 -2.855271 5.032577 2.309265 
37.592907 48.934872 39.478222 -1.044212 3.194065 -5.291076 
38.198009 45.145847 39.499779 0.798359 -6.185429 -0.470118 
39.475555 47.776218 43.644894 1.600274 0.089919 6.073718 
39.677082 47.959045 43.591675 1.392633 0.259073 6.120557 
38.317570 45.153625 39.769627 0.970452 -6.196376 -0.236587 
38.435802 45.163536 40.035889 1.188387 -6.156982 -0.162192 
38.604931 45.210735 39.833736 1.626332 -6.049150 -0.345403 
43.393661 47.597134 38.516689 2.406261 -0.502103 -1.993999 
43.227154 47.460648 38.357140 2.164624 -0.521807 -2.283006 
43.217285 47.733112 38.279690 4.349512 -1.212792 -4.358953 
38.095619 49.973900 41.483543 -1.153452 5.704882 2.301900 
39.268322 45.390202 40.359821 1.368151 -6.124537 -0.129904 
39.491188 45.435341 40.231525 0.969760 -6.190122 -0.409649 
41.320164 49.864574 42.196030 1.680695 5.265075 2.946047 
36.414452 46.715523 40.094692 -5.828570 -1.961960 -1.120281 
42.242119 49.203259 42.013474 4.744467 2.933630 2.869832 
40.307842 45.762287 39.251442 -0.345273 -5.802594 -2.337573 
40.624451 45.746548 39.168385 -0.491785 -2.845387 -1.296829 
39.633995 48.223370 43.584415 1.346552 0.515395 6.114845 
43.496506 47.906845 38.568768 4.968201 -0.661953 -3.762947 
42.282825 49.473400 41.531345 4.316124 4.158571 1.849302 
38.557007 48.865124 43.388153 -3.080251 3.266333 4.013192 
38.449013 48.980080 43.089539 -4.133977 4.005124 2.396023 
38.322227 48.748539 43.197903 -4.524489 3.186129 2.868612 
42.198761 47.506592 37.871635 1.349957 -2.221319 -5.718793 
40.091202 47.241512 38.139370 -3.184544 -0.025731 -5.383949 
40.310059 47.383873 38.012196 -2.901160 -0.270375 -5.536028 
41.256691 50.169872 40.866791 1.822640 6.001459 -0.118284 
40.958931 47.461689 43.219757 1.339340 -1.152617 6.020427 
37.239273 45.290928 39.567253 -3.753646 -4.865879 -0.218695 
42.104439 49.760635 40.941025 3.678152 5.066910 0.328367 
37.771751 45.240948 38.925083 -0.011493 -5.639498 -2.634960 
40.828300 50.006721 42.129208 0.861038 5.637958 2.616852 
37.942249 45.530464 41.454418 -2.516721 -4.937678 2.863657 
35.993019 47.677711 40.355862 -5.768191 -1.937589 -0.969003 
35.980560 47.716434 40.648998 -5.863645 -1.941418 0.698737 
36.357758 48.133163 41.746277 -4.782199 -0.621081 3.924531 
40.870033 46.814598 38.004177 -0.338791 -2.452313 -5.760972 
36.714287 46.101891 39.540184 -5.345562 -1.394936 -2.763656 
37.455524 46.068436 41.547798 -4.066732 -3.438196 3.333175 
42.076187 49.754177 41.165012 3.808779 4.930297 0.771113 
40.601315 46.795395 43.050732 0.525994 -2.538652 5.646559 
41.699638 49.504887 39.186951 0.335892 5.539438 -2.929430 
38.148155 45.126133 39.980072 0.435136 -6.253207 -0.068831 
37.071560 45.483448 39.429710 -4.758561 -3.659694 -1.310197 
38.580029 45.251827 40.929703 1.087053 -5.999068 1.457026 
38.803719 45.863533 38.480591 1.331311 -2.722705 -5.404473 
39.020378 45.858589 38.549732 1.710076 -3.505302 -4.841404 
39.201283 47.428799 38.845913 -2.210321 1.706963 -5.557031 
38.991501 49.220112 39.344551 -1.928466 3.183979 -5.058040 
43.645473 49.302242 39.482098 4.396932 3.833694 -2.104561 
43.740765 49.308327 39.704391 4.793308 3.416631 -1.705893 
40.872463 47.731476 43.293079 1.904445 -0.661051 5.940879 
41.016895 50.058403 41.930569 1.142770 5.787005 2.122230 
39.775352 45.738720 39.139805 1.598662 -5.503305 -2.559432 
38.026417 45.125515 39.719345 0.219399 -6.264892 -0.191333 
41.165131 46.686924 38.055252 -0.149670 -2.379678 -5.808781 
36.299915 47.682781 41.488087 -5.237541 -1.728187 2.954723 
41.743965 48.017914 43.017326 1.888955 1.900833 5.668926 
40.309666 47.095539 38.048073 -2.360617 -0.821158 -5.752118 
40.554943 46.905205 38.006805 -1.264778 -1.871340 -5.820300 
41.619648 49.624020 39.394257 1.206559 5.491450 -2.777499 
37.009766 46.234791 41.206066 -3.968453 -3.630218 3.243750 
39.902874 47.374218 38.281895 -3.978914 0.748340 -4.769662 
43.450455 48.519356 41.136471 4.564159 2.064762 3.780333 
41.229259 48.211189 43.169418 2.156410 0.799361 5.839364 
43.651310 48.160320 38.767956 5.170057 0.164097 -3.524840 
39.155327 45.582333 41.830624 0.188804 -5.979757 1.913553 
39.316612 45.515076 41.564663 0.262470 -6.101117 1.469467 
40.140255 45.703571 39.405041 0.290870 -5.974674 -1.870815 
40.049751 45.774330 39.192360 0.695367 -5.743407 -2.427047 
39.217403 48.857864 43.533611 0.062216 2.040469 5.923147 
39.621300 48.490494 43.560524 1.223865 0.860344 6.096838 
36.247852 47.959652 41.532059 -5.295413 -1.174141 3.116166 
36.984516 47.322010 39.233604 -3.069475 0.463857 -5.437426 
38.442139 46.618782 38.643536 -1.379805 3.541677 -5.001532 
36.824593 49.619999 40.574219 -2.855540 5.404732 -1.343209 
40.628967 46.571255 42.961178 -0.765561 -2.136723 5.795333 
43.021172 48.398777 41.734711 4.137645 3.121534 3.551026 
41.565155 48.771294 42.866070 2.854257 1.920255 5.255003 
41.742867 48.619671 42.821899 3.062734 1.848109 5.156856 
35.976517 48.801167 40.456383 -5.359085 2.600391 -1.278681 
42.434452 47.326424 37.992622 1.495134 -1.298416 -5.927375 
38.394157 48.592197 43.433086 -3.793524 2.225243 4.181519 
41.485641 46.631134 38.069202 -0.265725 -1.739522 -6.022545 
39.709682 45.430954 40.829590 -0.365208 -6.265485 -0.014912 
39.317539 47.190998 38.689613 -2.739539 2.592278 -4.963933 
38.594498 49.197289 42.880383 -3.560147 4.739523 2.057687 
41.539669 48.160130 43.060371 2.262532 1.279685 5.709938 
39.298008 50.033184 41.918255 -1.708710 5.196204 3.089010 
39.488560 50.069958 41.965305 -1.324933 5.437661 2.816487 
39.380081 50.143036 41.773415 -1.262569 5.427954 2.881716 
40.540154 49.534660 42.902603 1.655838 4.139891 4.396053 
39.321480 46.979313 38.553226 -2.647500 2.909503 -4.895087 
41.715588 46.602665 38.062752 -0.483266 -1.057045 -6.163809 
38.542305 45.183365 40.296062 1.386294 -6.120396 0.006305 
38.621552 45.207150 40.545425 1.456172 -6.093030 0.314639 
38.929878 45.648788 42.032322 -0.064063 -5.891646 2.176233 
38.832367 45.562057 41.801266 0.071332 -5.885787 2.183940 
43.215950 48.291206 41.595211 4.372905 2.962118 3.399280 
43.356365 48.361633 41.354923 4.596670 2.467059 3.489042 
42.381939 49.482746 41.271381 3.850417 4.695885 1.557606 
38.425171 46.141083 42.833702 -2.470181 -4.669500 3.312152 
38.222759 46.324692 42.898083 -3.627078 -3.832318 3.226340 
38.194328 46.188362 42.670742 -3.637077 -4.139768 2.927301 
38.394943 46.009567 42.600994 -2.465949 -4.874714 3.048995 
39.174030 50.079708 41.784000 -1.509770 5.195078 3.188642 
38.197926 48.858376 42.791714 -4.288306 3.696394 2.702946 
38.264374 49.020794 42.658440 -3.839994 4.010956 2.905768 
43.829502 48.186420 39.078953 5.732704 0.240257 -2.484695 
41.325546 47.936302 43.168915 1.729537 0.565380 6.003353 
37.555439 46.791157 38.980446 -1.833848 1.484933 -5.800688 
38.021862 48.709839 42.712349 -4.352358 3.122289 3.258453 
42.346241 48.882786 42.132172 4.517183 2.646211 3.469042 
37.652531 49.940983 41.271252 -1.287404 5.985000 1.255769 
37.898438 50.000164 41.165649 -1.290751 6.110644 0.632063 
37.470055 46.544365 38.938202 -2.735124 1.853739 -5.314779 
37.947777 47.864140 43.123795 -5.192258 0.354499 3.496082 
36.112785 48.348854 41.357204 -5.550992 -0.048290 2.922799 
36.310230 46.909695 40.274704 -5.784783 -2.302562 -0.628484 
36.145042 47.834049 41.266083 -5.520793 -1.569816 2.518346 
37.489662 49.588486 41.789188 -2.079318 4.335669 4.039514 
40.087788 46.963062 38.152275 -2.606202 -0.579585 -5.644259 
38.651436 45.984028 42.738335 -1.490178 -5.165654 3.130983 
36.120075 49.029507 40.561584 -4.723090 3.981458 -0.587705 
42.776871 49.133587 41.311752 3.537581 4.105259 3.159993 
41.045506 47.971111 43.246712 1.899972 0.102537 5.984479 
38.335991 50.024639 41.478725 -1.384901 5.570106 2.532735 
38.621899 48.601849 43.557854 -2.092654 2.179616 5.392723 
38.185932 46.067177 42.484596 -3.498009 -4.237356 2.990243 
39.311550 49.934582 42.098724 -1.956518 5.210054 2.912773 
37.906128 48.549438 39.227348 -0.937740 2.328543 -5.742375 
37.828621 48.822948 39.376041 -1.000699 2.928705 -5.464911 
38.533821 46.825237 38.763897 -1.368336 3.195620 -5.206119 
36.728184 47.013836 39.420330 -4.495662 -0.063212 -4.365004 
36.235546 48.886101 40.025936 -4.278025 2.656240 -3.464952 
38.880852 45.789646 42.405182 -0.416053 -5.793521 2.363715 
39.021687 45.726063 42.245731 -0.062365 -5.889383 2.183199 
39.098778 45.809216 42.465847 -0.019080 -5.827896 2.338163 
39.298664 45.738026 42.270233 0.124691 -5.878779 2.211061 
36.073551 47.538013 40.763611 -5.663212 -2.372034 1.229191 
36.153526 47.344036 40.722443 -5.692852 -2.443781 1.013529 
43.922256 48.537922 40.157360 6.231447 0.257987 0.740476 
43.948895 48.439751 39.982243 6.244706 0.480235 0.435222 
41.286087 50.033394 41.824947 1.658447 5.768326 1.759314 
40.387112 46.849010 43.139553 1.826692 -2.990470 5.209269 
39.744041 45.508411 39.934032 0.973446 -6.105878 -1.092221 
39.715683 45.472607 40.157551 0.549680 -6.186667 -0.873919 
36.211418 48.216064 41.537395 -5.394089 -0.455300 3.136547 
36.228550 47.150532 40.694061 -5.732445 -2.383823 0.921531 
36.247520 47.209732 40.900295 -5.605805 -2.366977 1.526746 
42.926556 48.105682 37.935558 3.373910 -0.841882 -5.131248 
42.853985 48.650490 38.013027 2.602305 3.169479 -4.615532 
36.165634 49.064129 40.843254 -4.761239 4.036048 0.582939 
36.067799 47.484428 40.546818 -5.750091 -2.456294 0.221297 
43.542847 48.053017 41.285152 2.540542 1.076536 1.498875 
43.366463 48.168152 41.492847 4.775427 2.660950 3.085879 
43.420639 48.002228 41.556427 2.408042 1.389795 1.471812 
41.991695 47.423130 37.861012 1.088049 -2.288264 -5.748740 
41.978985 47.628868 37.770473 0.981667 -2.092343 -5.820053 
37.028870 49.694260 40.503124 -2.176901 5.488528 -2.031636 
37.874405 49.956432 41.400299 -1.269311 5.880528 1.707008 
40.057587 45.601662 39.773979 0.565106 -5.944356 -1.843247 
37.059597 45.738743 40.656475 -4.195746 -3.920753 2.512906 
36.987206 45.703011 40.452717 -4.374766 -4.038079 1.971901 
36.704773 49.267796 40.036713 -2.289605 4.522264 -3.667471 
39.877949 45.678219 39.360371 1.330647 -5.829271 -1.904196 
41.357777 48.671143 43.008980 2.638083 1.745852 5.422352 
41.230145 49.972290 42.026501 1.479104 5.605253 2.389871 
41.661247 48.406643 42.934814 2.766374 1.669165 5.386031 
39.258228 50.205509 41.598663 -1.198087 5.579541 2.589386 
37.991776 48.951145 39.416607 -1.004531 3.179818 -5.319488 
38.040634 49.126026 39.520966 -0.991155 3.538048 -5.092696 
39.862247 50.251812 41.653046 -0.201553 5.913691 2.065287 
43.849533 49.155392 39.866360 5.797053 2.043461 -0.956283 
39.235329 49.059620 43.453434 -0.239792 2.955515 5.459835 
39.026352 48.941753 43.491432 -0.748770 2.761053 5.543133 
42.771172 48.290905 42.114620 3.935838 3.222707 3.686852 
42.762009 48.088284 42.301311 3.704098 3.468123 3.699441 
41.979813 49.783150 40.254349 2.804535 5.523312 -0.984261 
38.445389 46.305725 43.057186 -2.217414 -4.073009 4.076509 
40.829494 50.265762 40.745754 1.107663 6.167815 -0.337631 
40.724293 50.254707 40.461330 0.934111 6.140903 -0.891394 
37.943363 47.607616 43.113327 -5.094522 -0.360107 3.647405 
39.603863 50.193302 41.747227 -0.665587 5.712701 2.508857 
39.453701 50.241623 41.604744 -0.781462 5.736417 2.348751 
39.185390 47.932766 38.923538 -2.088120 0.366170 -5.889189 
38.818356 48.792049 43.532257 -1.268829 2.570481 5.491304 
38.815155 49.033543 43.385361 -1.959975 3.672737 4.555625 
39.294044 49.810116 42.324413 -2.293732 5.306216 2.450592 
41.585812 47.873856 43.100185 1.394975 1.326194 5.963323 
40.123867 47.770306 43.502064 1.213773 -0.048578 6.162053 
39.967381 47.615101 43.529354 1.302593 -0.318046 6.135266 
36.937046 47.071358 39.242268 -3.409488 0.339539 -5.221118 
36.819267 47.230751 39.339500 -3.844971 0.199614 -4.948940 
38.206905 50.051815 41.319435 -1.594479 5.844218 1.603624 
37.073143 49.612259 40.290455 -1.687959 5.254249 -2.927690 
40.919331 46.603470 38.102482 -0.323726 -2.841128 -5.589540 
40.572445 49.360184 43.030514 1.962589 3.355018 4.912021 
39.333164 45.401443 40.684223 1.031861 -6.188743 0.213042 
36.217361 47.143250 40.284443 -5.795918 -2.181925 -0.804456 
36.168903 47.248829 40.509617 -5.803312 -2.365261 0.179287 
42.666542 47.270519 38.077477 1.986199 -0.438254 -5.866298 
38.045204 50.015278 41.300476 -1.405897 5.989513 1.223370 
42.156998 47.268127 37.949509 1.062655 -1.667230 -5.948735 
37.648502 49.538357 41.919556 -1.745763 4.042057 4.439072 
39.127148 49.942394 41.968784 -1.817256 5.040531 3.277186 
39.421215 48.913757 43.508190 0.599733 1.974852 5.883270 
42.249866 49.626190 41.100018 3.831291 4.906475 0.831002 
36.741955 49.121624 39.862316 -1.828661 3.981611 -4.462038 
39.475842 49.138409 43.405121 0.304306 3.042169 5.427497 
39.622807 48.977436 43.454380 0.860127 2.012102 5.876518 
40.532387 45.888428 38.932549 -0.971414 -5.418161 -2.994422 
40.771725 50.095600 41.937950 0.844263 5.800052 2.247133 
35.935375 47.967041 40.786263 -5.962395 -1.327292 1.210509 
42.808010 47.358753 38.109589 2.270818 -0.956359 -5.761517 
38.291721 48.852200 42.985123 -4.568794 3.640113 2.300818 
39.627613 48.758907 43.510876 1.077458 1.296669 6.048410 
42.953255 49.350178 40.770458 1.513299 5.549310 2.487054 
42.880703 49.256157 41.030933 2.615806 4.916437 2.842918 
38.484535 48.426651 43.544281 -3.068796 1.945404 5.105072 
43.786953 48.333000 40.681480 5.689063 0.496101 2.604202 
43.780926 48.150204 40.741173 2.882773 0.373203 1.273399 
39.635250 50.296406 41.486889 -0.334738 5.998193 1.773879 
36.374531 47.053825 41.078358 -5.282335 -2.603065 2.130136 
37.870155 48.583805 42.619743 -4.078348 2.591217 3.949961 
43.288303 48.112709 41.657139 4.554704 2.960271 3.153960 
38.423340 49.348789 42.400696 -2.551561 4.482107 3.555045 
37.667667 49.717979 41.737595 -1.755031 4.656868 3.785329 
39.909679 50.190163 39.901524 -0.181620 5.766263 -2.416830 
40.585896 50.226917 40.200974 0.831011 6.063394 -1.377762 
40.773270 47.883503 37.849449 -1.871867 1.196811 -5.872263 
42.552307 48.103821 42.488552 3.522114 3.235700 4.065423 
36.918003 49.040298 39.735405 -1.683599 3.694463 -4.785881 
37.447952 49.913597 40.842644 -1.259659 6.070324 -0.834635 
40.761330 49.402412 42.919373 1.961186 3.528957 4.804150 
39.927597 45.886608 42.495930 0.435018 -5.020886 3.727913 
39.739441 45.776348 42.338375 0.079938 -5.563678 2.893853 
40.010456 45.707008 42.232006 -0.127028 -2.919505 1.606750 
39.819828 48.355515 43.532104 1.273901 0.604406 6.122368 
39.425911 47.442020 38.738419 -3.188742 1.697848 -5.048939 
40.273781 45.864407 39.016949 -0.136473 -5.584065 -2.853675 
41.448864 49.921303 41.991428 2.050335 5.473096 2.216239 
37.817257 49.042000 39.508198 -0.984519 3.415108 -5.177298 
38.366829 49.016487 42.844868 -4.142226 4.149669 2.238651 
43.620808 49.501171 40.154694 2.702720 4.992218 0.700860 
39.967434 45.641098 39.571808 1.048699 -5.990545 -1.529903 
39.725506 47.693634 43.585194 1.414487 -0.115070 6.118370 
36.815418 47.450951 39.357571 -3.602224 0.237946 -5.137134 
39.880882 48.127678 43.537273 1.270806 0.386475 6.140819 
43.531792 48.289322 41.159805 5.023516 1.849171 3.261488 
39.929985 45.536774 39.914181 0.658619 -6.018164 -1.656832 
37.463085 45.178059 39.641251 -1.897619 -5.895862 0.110126 
38.231190 46.571732 38.664352 -1.275139 3.568252 -5.011702 
39.037125 49.154720 43.364735 -1.265563 3.897932 4.606055 
38.867359 49.198795 43.238289 -2.248205 4.608529 3.525033 
43.976601 48.177670 39.881821 3.204998 0.236936 0.089156 
36.140865 48.957947 40.284649 -4.768593 3.425166 -2.008902 
39.774113 45.681717 42.132107 -0.373076 -5.787904 2.413113 
43.709354 48.295799 40.842331 5.502413 0.903319 2.888230 
43.664017 48.103233 41.013824 2.723086 0.684908 1.422309 
39.352459 45.845421 42.541821 0.416732 -5.743901 2.482969 
38.658051 45.649525 42.007099 -0.535565 -5.753809 2.444079 
39.758862 50.091339 39.733841 -0.943347 5.080393 -3.443510 
39.052475 45.349831 40.797775 1.503218 -6.071933 0.564122 
37.810196 49.464863 42.031357 -1.531419 3.820830 4.741171 
39.014030 45.494080 41.567974 0.489994 -6.006319 1.763690 
42.167522 49.643723 41.342934 4.011948 4.684033 1.170870 
41.816719 49.858734 40.243488 2.574734 5.580538 -1.281946 
41.069347 46.444412 38.171886 -0.720771 -2.843267 -5.547030 
37.264790 45.317184 39.308987 -3.966886 -4.540986 -1.337699 
43.048229 49.074886 41.124107 3.096086 3.923436 3.787654 
38.670029 45.234825 40.745628 1.422229 -6.047228 0.804127 
41.865379 47.216202 37.918625 0.770930 -1.959917 -5.911293 
42.838310 47.160107 38.128220 1.085788 0.015179 -2.949505 
43.042110 47.314457 38.223007 1.626704 -0.386285 -2.701044 
43.027363 47.569744 38.171318 3.387256 -1.308585 -5.113250 
41.076466 50.215031 40.738003 1.488457 6.086748 -0.299082 
38.661942 49.122528 43.184711 -3.202222 4.389957 2.855813 
38.954536 49.990253 41.816525 -1.538156 5.031225 3.432813 
39.155750 45.666374 42.076736 0.073482 -5.926444 2.084664 
37.163719 45.797203 40.886478 -4.009412 -3.802762 2.980394 
38.108105 49.948399 40.422283 -1.723213 5.512219 -2.451984 
38.714508 45.231293 40.110790 1.705894 -6.041376 -0.161804 
38.991180 45.313248 40.214500 1.816667 -6.012379 -0.138236 
39.877052 45.416386 40.677589 -0.146947 -3.238194 -0.094314 
39.599895 45.432964 40.720673 0.122753 -6.263169 0.129758 
41.875290 49.784538 40.059563 2.415532 5.611327 -1.462547 
38.421673 49.177471 42.639160 -3.527878 4.406951 2.729504 
39.717735 45.444901 40.384445 0.120908 -6.249731 -0.569353 
38.861763 48.533138 43.627705 -0.538774 1.796236 5.964370 
39.267345 49.472923 43.081104 -1.500713 4.955739 3.350016 
38.813320 45.294140 40.886868 1.462031 -6.006951 1.050614 
42.078396 49.275791 42.218239 4.673446 2.608559 3.233470 
39.544594 45.430958 40.509407 0.488151 -6.247992 -0.183009 
39.266644 49.276131 43.303551 -0.743479 4.123566 4.564056 
40.591816 45.966240 38.770405 -1.120902 -5.264782 -3.233497 
42.618359 49.348644 41.166565 3.304147 4.865783 2.127474 
37.820038 47.762356 42.940060 -5.070504 0.154854 3.699025 
42.765072 47.922306 42.461807 3.352059 3.827729 3.673313 
42.863171 47.744534 42.591671 1.502818 2.145398 1.696156 
42.658089 47.864250 42.604568 2.980439 4.017530 3.751581 
43.897179 48.675240 40.338821 6.091422 0.115193 1.426048 
43.402191 48.059383 38.421516 4.968561 -0.267093 -3.791686 
43.520763 48.168541 38.586632 5.093610 0.222844 -3.650369 
37.878204 48.771030 42.510307 -3.372367 2.850502 4.426423 
40.433918 50.288399 40.439060 0.767380 6.155484 -0.985880 
42.147240 49.038250 42.290176 4.528355 2.349548 3.637693 
42.914085 47.798149 38.026451 3.095478 -1.747588 -5.165122 
39.519283 45.791969 42.385426 0.308811 -5.726353 2.554848 
39.641121 45.912868 42.599476 0.919690 -5.349405 3.136887 
43.956470 48.351887 39.612701 6.210944 0.552461 -0.601871 
36.854546 49.567711 40.367981 -2.499084 5.158622 -2.417418 
43.259918 47.968876 38.255203 4.600040 -0.780516 -4.140147 
43.094757 47.920181 38.112606 3.865003 -1.316665 -4.744325 
37.649273 47.428112 42.707001 -4.644854 -0.760171 4.150219 
39.924770 47.866611 43.540588 1.279942 0.123515 6.148984 
40.436623 46.630455 42.994858 0.969264 -3.010355 5.387172 
40.293400 46.860199 38.086334 -1.892722 -1.383600 -5.768132 
41.410946 48.426834 43.054825 2.530646 1.391300 5.569624 
43.734356 49.406013 39.916985 4.163593 4.101070 -0.716489 
39.560616 45.708733 42.179283 -0.023020 -5.844458 2.302658 
43.509964 49.231880 40.694130 2.669715 3.717628 4.044120 
38.258606 48.574688 39.186279 -0.820359 2.102471 -5.849926 
42.692394 49.392357 40.902893 2.461908 5.504902 1.721066 
39.042488 49.323921 43.167221 -1.944209 4.855783 3.389056 
42.963558 48.217670 41.965107 4.039949 3.272029 3.527550 
41.550426 48.579746 42.940113 2.796756 1.711123 5.356884 
43.099110 47.699001 38.183960 3.769818 -1.422678 -4.808623 
