28.944981 27.798248 -23.444052 -5.465471 -1.656015 1.085997 
28.928978 28.065905 -23.464783 -5.865241 0.678118 0.870956 
28.928549 27.921711 -23.652817 -5.747371 -0.400681 -1.314767 
29.000149 27.705391 -23.704205 -4.944773 -2.543145 -1.725135 
29.406977 27.370447 -23.193600 -3.759646 -4.092080 2.597932 
29.593266 27.403265 -22.972200 -2.778150 -3.314759 4.267509 
29.387049 27.585421 -23.013029 -3.550964 -2.561343 4.339948 
32.255215 28.799133 -25.407942 1.879904 1.458540 2.008268 
32.111485 29.010176 -25.457855 2.373208 1.620514 1.194862 
32.084888 28.832546 -25.255911 5.000729 2.576150 1.414956 
32.210423 28.661028 -25.285583 4.407686 2.466827 3.339396 
32.394817 28.569864 -25.358673 1.512692 0.719335 2.217922 
31.950594 29.210884 -25.512577 2.211811 2.170054 0.475501 
31.948738 29.116463 -25.199930 5.103244 2.675887 -1.036496 
32.408657 28.309793 -25.346088 1.902650 -0.095469 2.201305 
32.239983 28.468391 -25.232969 4.941803 1.027895 3.115090 
32.214890 28.399843 -25.001211 6.052022 0.557818 -0.835407 
32.153393 28.660124 -25.051973 5.749589 1.551071 -0.866713 
31.518631 29.537760 -25.652613 1.703276 2.645289 -0.065819 
31.281591 29.685551 -25.728432 1.437816 2.801474 -0.073704 
31.403742 29.611475 -25.492929 3.344008 5.178078 -0.860014 
29.024187 27.931559 -23.221512 -4.946918 -0.434351 3.360884 
29.042513 28.216078 -23.233444 -4.666384 1.615478 3.152670 
32.241840 28.232063 -25.201374 5.472136 -0.342466 2.406832 
30.958904 29.423628 -23.120590 -0.775126 3.696319 4.988800 
30.859438 29.186281 -22.980373 -0.774921 3.065625 5.398824 
31.158772 29.235559 -22.981224 -0.154956 3.023115 5.471971 
30.478594 29.510788 -23.321274 -1.633010 4.303212 4.221754 
30.668692 29.362759 -23.133326 -1.245581 3.695751 4.889487 
30.773655 29.584618 -23.300406 -1.265797 4.345168 4.321883 
30.389395 29.281204 -23.159159 -1.702112 3.599138 4.834196 
29.608774 27.647074 -22.849579 -2.423122 -1.605228 5.434511 
28.898085 28.673086 -25.262142 -5.665811 0.181862 1.215776 
28.976341 28.362314 -25.228577 -5.571911 -2.072755 1.209571 
29.012068 28.563156 -25.024609 -5.651309 -0.478471 2.502338 
29.865900 27.270105 -22.954210 -1.280959 -3.964791 4.388514 
29.631493 27.207857 -23.171984 -2.827311 -4.710736 2.621799 
32.108425 28.933399 -24.980820 5.228464 1.273919 -2.896543 
29.151875 27.810390 -26.142162 -5.631364 -0.584987 2.621390 
29.201593 27.887442 -25.913900 -6.006639 -1.492590 0.857622 
29.155445 28.068388 -26.119591 -5.994281 -0.127496 1.431302 
29.075975 27.576431 -23.460806 -4.586995 -3.807528 0.800583 
29.363798 27.332359 -23.702656 -4.047404 -4.619211 -0.964434 
29.475393 27.234528 -23.433262 -3.676957 -4.924323 0.782047 
29.267923 27.403503 -23.449751 -4.082489 -4.589016 0.759248 
29.167240 27.506964 -23.704496 -4.294746 -4.104675 -1.450104 
32.174332 30.018892 -24.541248 3.603981 3.893740 -2.532080 
32.201309 29.773161 -24.709482 3.967327 2.252779 -4.071534 
31.973444 29.955446 -24.761662 2.514969 3.590284 -4.255813 
31.777300 29.340681 -25.305349 4.404790 3.894863 -1.320669 
31.745852 29.382784 -25.579502 1.933062 2.487635 0.065586 
29.035517 27.998777 -26.346701 -2.650416 0.221079 1.413187 
29.090950 28.262054 -26.338631 -2.976997 0.393132 0.868352 
32.197060 27.485773 -23.511242 4.264745 -3.262198 2.998159 
32.064304 27.272430 -23.601761 3.681892 -4.189716 2.554560 
32.243446 27.387808 -23.767183 4.851695 -3.546198 1.129486 
29.305389 29.004105 -24.119076 -5.517407 2.934894 0.268739 
29.320671 29.048794 -24.357872 -5.632267 2.729348 0.457864 
29.235806 28.834333 -24.271461 -5.986183 1.841829 -0.038097 
31.489964 29.271225 -23.013046 0.661022 2.826145 5.529153 
31.348181 29.018682 -22.883602 0.525760 2.239853 5.803703 
32.304756 28.320435 -24.773491 5.625969 -0.266476 -2.742511 
32.414757 28.223568 -24.556227 5.509748 -1.030030 -2.814031 
32.299229 28.046158 -24.729843 5.729713 -1.020304 -2.348710 
31.609518 27.463497 -23.158766 1.889993 -3.189347 5.049136 
31.345627 27.363575 -23.131596 1.647680 -3.415209 4.981252 
31.528521 27.230871 -23.299591 1.785400 -4.030288 4.428207 
30.048635 28.942202 -23.066113 -2.072338 3.099281 5.040542 
29.845654 29.085114 -23.264593 -2.743207 3.558740 4.346528 
29.802736 28.818064 -23.097786 -2.388375 3.157820 4.859770 
29.608784 28.896172 -23.266958 -3.053401 3.540569 4.148909 
29.153748 28.332420 -26.086626 -6.099377 -0.301083 -0.298915 
29.152061 28.530281 -26.329025 -3.072541 0.475525 -0.124222 
30.576643 29.122484 -22.999563 -1.277951 3.055644 5.314118 
30.762920 28.929790 -22.868937 -0.770745 2.360146 5.742331 
29.098581 28.286503 -24.997177 -5.444079 -2.251013 2.054617 
31.584259 29.503090 -25.403259 3.749506 4.753085 -1.275234 
32.013954 27.243210 -24.519030 4.518458 -3.946976 -1.702376 
32.000290 27.129047 -24.194174 4.124889 -4.573665 -0.661378 
31.799063 27.016018 -24.449795 3.712579 -4.845159 -1.221402 
32.226879 28.142759 -24.963440 6.099703 -0.528974 -1.055055 
29.415443 27.856535 -22.899918 -3.005193 -0.502547 5.283278 
29.695320 27.910976 -22.782911 -1.800505 0.093962 5.891919 
29.514740 28.176817 -22.890631 -2.505981 1.497267 5.443959 
32.290527 29.963604 -24.001446 4.244654 4.238687 1.251186 
32.074135 30.078487 -23.885628 2.652568 5.004630 2.373705 
32.229507 29.887815 -23.734808 3.550277 4.069638 2.872115 
29.404202 27.478449 -25.814995 -4.802283 -3.433202 2.078460 
29.432341 27.573065 -25.537327 -4.920523 -3.691568 1.233617 
29.294443 27.723024 -25.724693 -5.481450 -2.805744 1.159552 
31.055178 28.975178 -22.858479 -0.215106 2.290195 5.801497 
31.252092 29.476046 -23.127478 -0.223334 3.566335 5.129693 
29.024567 27.731855 -26.341320 -2.347678 -0.231602 1.513640 
29.114822 27.493462 -26.306541 -2.221539 -1.017931 1.469261 
29.139879 27.514786 -26.253881 -4.802180 -2.241329 3.258497 
32.200504 27.982416 -25.175234 5.812953 -1.695474 1.096528 
29.709686 27.085976 -23.420467 -2.766451 -5.427739 1.000712 
32.424210 28.503410 -24.607840 5.237567 -0.459414 -3.414315 
32.537674 28.394266 -24.385309 5.615581 -1.099420 -2.490257 
30.126356 29.184498 -23.192205 -2.134450 3.484882 4.745410 
31.428911 27.637091 -23.003716 1.687051 -2.702202 5.406786 
31.141985 27.525122 -22.973440 1.551814 -2.861317 5.358684 
31.931501 29.977346 -23.625690 1.748574 4.688085 3.615050 
29.609484 27.431322 -25.285147 -4.548251 -4.254882 0.730629 
29.396706 27.695641 -25.252281 -5.044234 -3.647140 0.820196 
32.259834 27.771294 -24.667257 5.562898 -1.930484 -2.125363 
32.125488 27.608938 -24.829100 5.317975 -2.674800 -1.975680 
32.185825 27.855621 -24.933996 5.838106 -1.738084 -1.410075 
32.275028 28.578808 -24.816362 5.369725 0.326955 -3.174317 
31.601532 29.769993 -25.051535 2.138195 3.899136 -4.402122 
31.775558 29.869261 -24.913153 1.978399 3.523315 -4.719802 
31.800629 29.675114 -25.016811 2.922530 2.691299 -4.829898 
31.682636 29.564392 -25.169943 3.541733 3.602418 -3.652053 
31.705971 26.915710 -24.183840 2.982340 -5.411195 -0.020695 
30.006453 27.478374 -22.810713 -0.494067 -2.511339 5.644519 
30.169867 27.308138 -22.902758 0.080816 -3.650371 5.004251 
29.123953 28.479570 -24.799551 -5.792182 -0.913542 2.152043 
32.388199 28.779631 -24.669458 4.886001 -0.003627 -3.937902 
29.182699 27.958408 -25.673506 -5.704069 -2.571322 -0.017852 
29.147123 28.137320 -25.873594 -6.031843 -1.439734 -0.739310 
31.988281 27.402241 -23.386963 3.065484 -3.548827 4.076166 
31.060423 29.635292 -23.280403 -0.883200 4.202529 4.558937 
31.446531 27.035728 -23.482611 1.587852 -5.002147 3.325508 
31.695105 27.134760 -23.478905 2.129661 -4.677508 3.497273 
29.141838 27.708614 -23.913481 -4.748542 -2.506613 -3.136266 
32.329475 28.050627 -25.361404 2.437825 -0.870872 1.624495 
32.269783 30.006516 -24.262680 4.391956 4.231304 -0.557651 
32.431740 29.805397 -24.166357 5.225813 3.192446 -0.205279 
32.193333 27.804014 -25.394196 2.635663 -1.490625 0.817221 
32.121815 29.216513 -24.907524 4.500941 0.983085 -4.226824 
29.653086 27.135103 -23.891500 -3.846946 -4.851484 -0.869205 
29.819775 27.011986 -23.710127 -2.864993 -5.533014 0.178633 
29.571238 27.162035 -23.688347 -3.630169 -5.030812 -0.440861 
29.602245 29.088190 -23.464125 -3.559400 3.918740 3.308802 
30.267605 26.827578 -23.880978 -1.467804 -6.035193 0.537099 
30.431648 26.777178 -24.108778 -1.267220 -6.105525 0.207052 
30.577009 26.790197 -23.825897 -0.457327 -6.120559 1.174531 
31.435911 29.685818 -25.253658 2.834267 4.791693 -2.810753 
31.366573 29.856455 -25.055002 1.493061 4.861459 -3.653254 
30.114899 26.895317 -23.657408 -1.772647 -5.904563 0.902661 
29.991421 26.919296 -23.936975 -2.649329 -5.613065 -0.126906 
31.231413 29.724747 -25.448017 2.632761 5.555274 -1.149235 
31.695139 27.713223 -23.053148 1.949358 -2.615586 5.354488 
32.167854 27.505276 -24.592699 5.142088 -2.943346 -2.012846 
28.989393 28.326504 -23.521200 -5.601151 2.091129 0.552910 
32.093307 27.634619 -23.290615 3.396362 -2.809523 4.362702 
32.210060 28.511183 -23.120403 3.756437 -0.093359 4.952599 
32.000065 28.685793 -23.001112 2.849699 0.538540 5.529672 
31.982231 28.383236 -22.985580 2.839017 -0.358248 5.539618 
30.257599 26.912670 -23.448689 -0.757541 -5.848735 1.973103 
30.388199 26.850378 -23.622610 -0.633163 -6.029072 1.484920 
30.008642 26.980751 -23.380791 -1.541536 -5.678995 1.804187 
31.814615 27.000086 -23.918179 2.996751 -5.328045 0.936902 
32.218834 28.788145 -23.144684 3.643043 0.678271 5.008295 
29.852219 27.101288 -23.188881 -1.709280 -5.228617 2.716631 
30.274502 29.604509 -23.528023 -2.089530 4.779936 3.413222 
30.061710 29.633663 -23.746286 -2.761753 4.963438 2.559717 
30.014395 29.463968 -23.521545 -2.769664 4.451088 3.368929 
32.141697 30.106800 -24.104813 3.397067 5.073716 0.799476 
31.552973 26.858582 -24.414417 2.589966 -5.599716 -0.756344 
30.717047 26.744442 -24.066126 -0.403976 -6.207561 0.641185 
32.066620 27.172316 -23.868965 3.940505 -4.599071 0.727757 
31.870323 27.108906 -23.666887 2.842745 -5.020379 2.266957 
30.151842 26.863173 -24.157036 -2.408185 -5.727335 -0.455198 
30.316387 26.819010 -24.378298 -2.134764 -5.832046 -0.571540 
29.576401 29.432327 -24.309380 -4.695434 4.050603 0.924902 
29.618591 29.403383 -24.005688 -4.347235 4.231123 1.459594 
29.740454 29.573984 -24.195576 -4.054474 4.613059 1.203151 
32.343380 29.287502 -24.698582 4.500459 0.623443 -4.288616 
32.518719 29.356354 -24.466520 5.325787 1.083092 -2.875483 
32.507729 29.049950 -24.532707 5.087389 0.209295 -3.545865 
31.934435 30.208439 -24.079412 1.920778 5.641677 1.337127 
29.427696 29.264170 -24.457436 -5.226373 3.368776 0.832754 
29.555817 29.467295 -24.574102 -4.693944 4.041277 0.988261 
29.400309 29.301090 -24.709839 -5.066553 3.437244 1.370348 
31.330757 29.689365 -23.289524 -0.422890 4.048099 4.759174 
31.896420 30.157192 -24.568037 1.818731 5.030316 -2.839657 
32.349972 27.613438 -23.674887 5.326662 -2.733518 1.559239 
32.169491 29.501701 -24.819027 3.994568 1.165720 -4.673415 
29.153534 28.480976 -23.310196 -4.378079 3.082558 2.934943 
29.653681 29.534218 -26.211298 -1.547499 2.424616 -1.358306 
29.455927 29.326876 -26.263823 -2.029762 1.795097 -1.708599 
29.416494 29.436741 -26.086658 -3.821721 4.082115 -2.663258 
29.280550 27.723083 -24.127417 -5.108847 -2.340705 -2.775162 
29.420132 27.510515 -24.179478 -4.956372 -3.223269 -2.078291 
29.300583 27.504347 -23.938946 -4.503731 -3.596063 -2.417247 
29.251064 28.186138 -24.435287 -6.006662 -1.526809 -0.737136 
29.279259 27.951971 -24.283482 -5.624254 -1.712495 -2.136384 
29.183289 28.174250 -24.182730 -5.815545 -0.786698 -2.185749 
31.788801 30.284658 -24.321024 0.958024 5.646840 -0.593986 
31.597851 30.211132 -24.542633 -0.034233 5.617386 -2.496293 
31.625399 26.986641 -23.691156 2.077683 -5.403247 2.291694 
29.812740 29.458866 -23.737446 -3.567804 4.501840 2.442534 
29.871557 29.615891 -23.983446 -3.491620 4.847467 1.791881 
31.918558 29.442089 -25.030437 4.058799 2.105804 -4.228910 
29.272545 28.921680 -23.887318 -5.367867 3.085722 0.637943 
29.424532 29.151289 -23.929529 -4.857511 3.764037 1.133220 
29.407909 29.037491 -23.670574 -4.476265 3.816669 1.974441 
30.226864 27.493538 -22.803314 0.312867 -2.447321 5.718868 
32.396965 28.352745 -23.315361 4.855026 -0.622119 3.822714 
32.196774 28.225273 -23.136183 3.790504 -0.838518 4.849306 
32.335068 28.123228 -23.293707 4.638173 -1.218304 3.977628 
32.231041 27.358635 -24.046747 5.000192 -3.606634 -0.474627 
30.492710 26.934389 -25.875540 -0.204640 -3.038568 0.699047 
30.282207 26.988625 -25.737499 -0.954246 -6.089689 1.178255 
30.219574 26.940264 -25.957571 -0.563190 -2.942345 0.810361 
29.857601 27.117502 -24.451277 -4.001481 -4.674544 -1.238005 
30.070263 26.950645 -24.421890 -3.226389 -5.266964 -1.045792 
29.918167 27.000080 -24.207336 -3.453216 -5.090236 -1.096265 
32.374519 29.562441 -24.603729 4.772004 1.528762 -3.602525 
32.426723 29.750463 -23.891056 4.996211 3.127560 1.650721 
30.206120 29.401979 -23.335745 -2.108190 4.100191 4.225178 
32.232109 28.794693 -24.849007 5.027999 0.661009 -3.643978 
32.055305 30.166147 -24.315084 2.999842 5.270171 -0.736933 
32.284531 29.012648 -24.772842 4.575106 0.352687 -4.287746 
29.731653 29.619938 -24.433712 -4.090417 4.643008 0.952072 
32.314232 27.676466 -24.421482 5.530764 -2.310562 -1.771818 
31.310837 30.188770 -24.505348 -0.947615 5.906754 -1.717852 
31.431087 30.101404 -24.725042 -0.082701 5.357744 -3.196389 
31.705004 30.064850 -24.753860 0.994633 4.716303 -3.889704 
31.529167 29.957491 -24.908365 0.922089 4.544873 -4.167777 
31.535543 26.874445 -23.936064 1.992934 -5.742281 1.319066 
29.197338 27.767723 -23.081919 -4.016628 -1.638329 4.312644 
29.250507 28.812801 -23.641565 -5.007449 3.362971 1.428991 
31.706934 28.223106 -22.885996 2.083920 -0.906072 5.808855 
31.977133 28.077587 -23.026693 2.804086 -1.361312 5.372356 
31.656683 29.930882 -23.503939 0.404164 4.608723 4.161801 
31.684685 30.066210 -23.681511 0.454697 5.175028 3.431269 
31.467503 30.035187 -23.639311 -0.481805 5.116960 3.526667 
31.158047 29.815758 -23.440599 -1.041749 4.556689 4.171864 
30.330820 29.768246 -23.776304 -2.114920 5.298195 2.578617 
29.995859 27.056810 -24.672308 -3.662373 -4.988170 -1.033103 
29.710848 29.651894 -24.705149 -4.014654 4.727695 0.907065 
29.918957 29.786623 -24.568747 -3.261540 5.272054 0.779843 
31.471540 30.264816 -24.287878 -0.874147 6.024718 -0.213876 
29.307737 29.086864 -24.598570 -5.535548 2.697042 1.200818 
29.950285 29.747950 -24.256613 -3.270357 5.181544 1.226388 
31.348351 26.896120 -23.713518 1.363775 -5.670144 2.255439 
32.014832 28.966654 -23.056791 2.740741 1.367804 5.435406 
31.854776 27.548367 -23.208094 2.391136 -3.063315 4.904757 
30.121920 29.766966 -23.994848 -2.690169 5.322023 1.894288 
30.190924 29.862492 -24.203218 -2.520495 5.568260 1.343357 
29.798729 29.288389 -23.497709 -3.326381 4.079909 3.346383 
29.595961 29.251844 -23.710476 -4.060922 4.164781 2.260392 
32.003105 27.374512 -24.777414 4.803938 -3.515380 -1.972349 
29.418518 28.893089 -23.440720 -3.962334 3.715834 3.036683 
28.973955 28.133503 -23.720764 -5.885036 0.840971 -1.691792 
29.681980 29.681648 -24.970690 -3.697221 4.958501 0.993752 
29.525225 29.502834 -24.834501 -4.471873 4.202918 1.300743 
31.766666 27.324478 -23.322447 2.223662 -3.746989 4.469966 
30.508944 26.974142 -25.693525 -0.372700 -6.191851 0.963671 
30.770594 26.949572 -25.792768 0.062995 -3.094417 0.472145 
30.138083 29.909727 -24.731571 -2.160824 5.855028 0.260269 
30.419735 29.976366 -24.910770 -0.908437 6.151201 -0.601737 
30.106964 29.906279 -25.026999 -1.748171 5.986688 -0.044696 
31.166168 30.093199 -24.705164 -0.500554 5.751371 -2.414166 
29.150236 28.655636 -23.890877 -5.815821 2.143859 -0.423517 
32.202179 27.402893 -24.329502 5.033489 -3.360592 -1.423946 
29.893396 29.806641 -24.853123 -3.032909 5.432029 0.563029 
32.573639 28.706356 -24.413338 5.417511 -0.476721 -3.023647 
32.656174 28.983957 -24.250772 5.854436 0.514408 -1.764206 
32.707836 28.720156 -24.124142 5.795699 -0.493152 -0.907553 
29.109201 28.580379 -23.590645 -5.286245 2.960863 0.841891 
30.387516 29.984159 -24.580004 -1.686656 6.021039 0.108603 
30.648085 30.033356 -24.674564 -1.050669 6.131434 -0.755810 
29.618681 27.304008 -25.699688 -4.017235 -4.483760 1.729589 
31.374449 28.185072 -22.789793 1.389463 -0.961927 5.982227 
31.537220 27.921253 -22.910208 1.774217 -1.985771 5.663335 
32.346588 27.602257 -24.169001 5.565078 -2.641514 -1.045068 
31.095650 30.133139 -24.002487 -1.626076 5.773250 1.651493 
31.048138 30.017504 -23.765976 -1.667908 5.342792 2.796550 
31.289267 30.105072 -23.808107 -1.137610 5.529207 2.649013 
29.991106 29.295145 -23.352715 -2.630213 3.898295 4.112290 
29.709982 28.369785 -22.888260 -1.996107 2.302998 5.457054 
29.757265 28.579346 -22.976036 -2.143350 2.825193 5.168862 
29.533840 28.460939 -23.011683 -2.580836 2.750013 4.994893 
29.223616 28.052359 -23.029205 -3.671321 0.633100 4.844221 
31.070951 26.735674 -24.388792 0.620510 -6.218304 -0.333597 
30.878143 26.731392 -24.500118 -0.009196 -6.192669 -0.674387 
31.126965 26.767385 -24.595774 0.932864 -6.050128 -1.230523 
29.480284 29.547049 -25.092690 -4.128690 4.485688 1.434410 
29.341824 29.338440 -24.962200 -4.771081 3.650784 1.803200 
29.237095 28.182543 -24.741291 -5.751562 -2.160345 1.151770 
29.231207 28.040644 -25.010324 -5.334499 -2.977199 1.451347 
29.642691 27.192257 -24.070576 -4.201969 -4.419211 -1.464043 
29.495537 27.300316 -23.963028 -4.329685 -4.220408 -1.630473 
29.098816 28.743389 -24.858112 -5.700075 0.878552 2.402773 
29.172901 28.680145 -24.642223 -6.041294 0.510926 1.534644 
29.199547 28.912638 -24.725592 -5.668608 1.929584 1.851409 
31.525566 26.962816 -24.830597 2.753816 -5.206884 -2.033208 
31.398739 27.005465 -25.073303 2.219121 -5.544352 -1.896171 
31.652727 27.120766 -25.010315 3.455562 -4.924230 -1.752056 
29.790249 27.237957 -24.696907 -4.283788 -4.511622 -0.832192 
29.292528 28.341755 -23.082767 -3.315528 2.399831 4.641199 
32.394444 28.638956 -23.289011 4.636417 0.033437 4.136409 
28.906862 28.796476 -25.549601 -5.859551 0.696144 -0.806413 
28.938299 28.451786 -25.550934 -5.749975 -1.520016 -0.997154 
29.234468 28.868486 -24.501360 -5.956972 1.765359 0.794063 
31.294281 26.768744 -24.403004 1.432181 -6.031505 -0.501913 
31.399267 26.837294 -24.629223 1.993136 -5.688243 -1.497042 
31.885078 27.233767 -23.480719 2.719881 -4.320442 3.540538 
32.607155 29.201323 -24.313808 5.821098 0.890598 -1.899688 
29.372671 28.579622 -23.184694 -3.287612 3.234323 4.192802 
32.497429 28.120375 -24.326220 5.704929 -1.609613 -1.928813 
29.219467 28.810656 -24.068829 -5.866230 2.164550 -0.243144 
29.855217 27.113453 -25.758049 -2.857937 -5.324604 1.628556 
29.823378 27.208822 -25.448860 -3.513973 -5.096710 0.939418 
29.488638 27.617779 -24.954350 -5.179093 -3.523347 0.261268 
29.349617 27.944746 -24.548576 -5.814263 -2.130810 -0.443189 
32.240513 29.048269 -23.215052 3.665511 1.389832 4.830976 
29.253733 29.125315 -24.833769 -5.233940 2.852980 1.958637 
31.755798 28.578274 -22.884932 2.167536 0.280341 5.840959 
31.775341 27.942089 -22.985058 2.106909 -1.909318 5.577923 
31.940554 27.797228 -23.109982 2.630329 -2.357499 5.128202 
29.277210 28.696398 -23.396660 -4.254971 3.544459 2.828288 
32.360138 29.813181 -24.451418 4.955712 2.830112 -2.212701 
32.535072 29.580530 -24.063187 5.751745 2.290447 0.318559 
29.713676 27.052441 -26.112795 -1.452515 -2.479328 1.070522 
29.960176 26.979052 -26.036554 -0.956418 -2.794940 0.906210 
29.888632 27.042019 -25.933250 -2.172237 -5.587157 1.881205 
32.587330 28.292099 -24.145969 5.964659 -1.511977 -1.051664 
30.154823 29.891117 -24.439329 -2.490324 5.681859 0.773543 
29.487066 27.160419 -26.184198 -1.748677 -2.133158 1.270572 
29.505472 27.269217 -25.964756 -3.892816 -4.291756 2.360823 
32.502895 29.598536 -24.335340 5.531282 2.102681 -1.630747 
32.614792 28.906107 -23.680756 5.764289 0.671434 2.252662 
32.684143 28.961914 -23.952356 6.067344 0.817362 0.662732 
32.595497 29.209042 -23.776644 5.754194 1.393353 1.848903 
31.328981 27.048134 -25.324293 1.792163 -5.947370 -0.764148 
31.341135 27.050646 -25.625097 0.812538 -3.036978 0.058567 
31.499319 27.113180 -25.417055 2.453728 -5.777315 -0.041659 
31.189295 30.196011 -24.259111 -1.454664 6.050361 0.127150 
29.160233 27.938980 -24.057945 -5.289590 -1.290397 -3.103335 
32.514988 29.500980 -23.807844 5.484811 2.188125 1.904930 
32.258087 29.536337 -23.433628 3.712717 2.681528 4.147639 
32.436592 29.391380 -23.550915 4.894805 1.982851 3.195930 
32.354820 29.648529 -23.634666 4.463897 2.984429 3.076674 
32.126225 29.748444 -23.486673 2.830193 3.654975 4.040814 
29.279409 27.814322 -25.473948 -5.263311 -3.344681 0.723174 
31.085608 27.009043 -25.449200 0.873305 -6.190439 -0.305222 
31.054783 26.986732 -25.708824 0.372445 -3.101679 0.276202 
32.623814 28.518257 -24.216179 5.838087 -1.357647 -1.770824 
31.041090 30.141014 -24.490629 -1.212201 6.034140 -1.036880 
31.985058 29.710724 -24.892109 3.185033 2.197491 -4.880380 
29.109186 28.135206 -25.216240 -5.263929 -3.150270 1.189996 
31.809429 30.148344 -23.848738 1.050682 5.477209 2.689114 
29.065903 27.708549 -23.268152 -4.690131 -2.558544 2.906938 
29.075647 28.159624 -23.953266 -5.683777 0.068128 -2.598576 
29.131329 28.399769 -24.055290 -5.991732 0.580319 -1.708451 
30.952705 28.670597 -22.769228 -0.167379 1.379596 6.087943 
30.878761 30.112949 -24.244999 -1.760605 5.941465 0.577929 
32.018154 29.532665 -23.277039 2.300171 2.847992 4.985832 
31.852808 29.775827 -23.387281 1.364248 3.938679 4.584975 
29.045105 28.381889 -23.798161 -5.848923 1.543334 -1.320811 
32.376064 27.948980 -24.494223 5.645811 -1.623630 -2.204852 
31.422375 26.800819 -24.180328 1.797645 -5.933830 0.387360 
30.084190 27.058781 -25.547300 -2.034718 -5.863559 0.748006 
30.006374 27.117819 -25.247097 -2.985613 -5.509851 0.093679 
29.245338 27.921209 -25.237377 -5.192548 -3.377033 1.015655 
29.143578 28.032274 -25.438316 -5.394022 -3.156239 0.293824 
31.539095 28.797157 -22.846174 1.367642 1.243993 5.948963 
31.589508 29.025156 -22.924353 1.275455 2.039513 5.768834 
29.274609 29.390690 -25.226139 -4.593635 3.921514 1.542764 
30.663593 28.683073 -22.796494 -0.668443 1.750337 5.977284 
29.181780 28.624603 -24.168491 -6.141790 1.002161 -0.741048 
29.027950 27.925373 -23.850027 -5.348283 -0.768102 -3.043897 
30.593544 29.735342 -23.549965 -1.693086 4.975972 3.387056 
29.320997 29.075966 -26.296110 -2.469814 1.116436 -1.660943 
29.230438 28.802391 -26.314369 -2.848066 0.636992 -1.145846 
29.201141 29.019808 -26.135201 -5.262432 1.671958 -2.972617 
30.190620 28.527428 -22.822302 -1.191474 1.979686 5.818597 
30.407539 28.380779 -22.750990 -0.585398 1.168140 6.121793 
30.427259 28.630104 -22.813604 -0.980151 1.912904 5.886996 
32.427059 27.858395 -24.254633 5.732927 -2.053448 -1.494736 
30.164337 27.027161 -25.062531 -2.663319 -5.617834 -0.797774 
29.937235 27.150885 -24.951159 -3.685733 -5.045718 -0.534864 
32.605587 28.682819 -23.640179 5.792853 -0.193628 2.337208 
32.676186 28.705271 -23.846539 6.039431 -0.337916 1.272209 
29.576450 27.326654 -24.227453 -4.629241 -3.907752 -1.644956 
31.118763 26.962843 -25.173567 1.088271 -5.919528 -1.749857 
30.591700 29.895849 -23.848057 -1.942131 5.448718 2.412580 
31.261185 28.743166 -22.789642 0.535118 1.311776 6.057905 
31.545637 30.155571 -23.837225 -0.335359 5.627725 2.632223 
29.115808 29.124111 -25.933825 -5.256648 2.147135 -2.315752 
29.079725 29.211412 -25.668043 -5.264494 3.056872 -0.771264 
29.263285 29.408567 -25.854872 -4.440192 3.926964 -1.530625 
30.494349 26.926481 -23.389198 0.135334 -5.619789 2.683449 
31.203920 27.862455 -22.836977 1.380552 -1.955763 5.769444 
30.903650 27.681145 -22.836464 1.202711 -2.207985 5.726595 
31.265106 27.128958 -23.299562 1.466721 -4.428495 4.146273 
30.383698 29.955769 -24.298252 -2.023167 5.852726 0.958069 
28.999451 28.950550 -25.759977 -5.712026 1.310310 -1.919165 
31.617336 27.158579 -25.545839 1.452233 -2.790860 0.148290 
29.651802 29.712660 -25.228056 -3.270132 5.264858 0.758939 
29.385550 27.721926 -24.367487 -5.580876 -2.320553 -1.642140 
29.091982 29.209408 -25.384636 -5.158805 3.277610 1.030283 
29.239048 29.432585 -25.522545 -4.530608 4.160240 0.225276 
29.203642 28.429903 -24.556591 -6.148475 -0.846513 0.642778 
31.477926 28.498142 -22.794556 1.447178 0.170709 6.044406 
29.123636 28.594206 -26.059462 -5.953444 -0.105968 -1.868831 
29.446306 28.755209 -23.274851 -3.400703 3.490574 3.923831 
32.582600 28.221876 -23.854200 6.020170 -1.498992 0.563408 
32.503540 27.942766 -23.840624 5.933852 -1.874223 0.470156 
32.525463 28.031942 -24.077988 5.929356 -1.817223 -0.713777 
32.593361 29.380207 -23.984020 5.956818 1.671411 0.717124 
30.650438 26.860111 -23.564463 0.170672 -5.876665 2.122007 
31.529785 29.538967 -23.173738 0.350035 3.406779 5.233948 
30.366926 29.887972 -24.036461 -2.131921 5.599643 1.811307 
29.444489 27.685942 -24.636480 -5.614730 -2.741375 -0.448874 
30.236748 26.898260 -24.656433 -2.748318 -5.493008 -1.139858 
30.646852 27.531986 -22.845795 1.045357 -2.507121 5.625049 
30.870548 27.406855 -22.962040 1.341433 -3.111126 5.263456 
29.512461 27.497782 -24.428764 -5.159359 -3.308959 -1.311611 
30.819130 26.969717 -25.307638 0.226992 -6.138436 -1.175125 
29.699656 27.352858 -24.957764 -4.487538 -4.373290 -0.140300 
30.895411 27.974848 -22.748951 0.809696 -1.138114 6.083412 
31.249535 26.796852 -23.957811 1.149553 -5.980537 1.379698 
31.039101 26.826679 -23.747450 0.777735 -5.871287 2.014228 
32.590530 29.392015 -24.208019 5.938026 1.572916 -0.854205 
31.911726 27.431534 -25.207361 4.941370 -3.804833 -0.233309 
31.859222 27.330944 -25.478956 2.159208 -2.295071 0.178330 
32.039967 27.563242 -25.432337 2.563832 -1.788280 0.387931 
32.530006 28.537643 -23.493582 5.474035 -0.488452 2.939442 
29.690424 29.724941 -25.764421 -2.527043 5.604406 -1.013516 
29.657539 29.733828 -25.489012 -2.817224 5.566113 -0.064165 
29.929947 29.835089 -25.590014 -1.692990 5.970123 -0.612871 
29.922728 29.781849 -25.897570 -1.807161 5.822395 -1.359732 
32.260010 29.314878 -23.320307 3.704259 1.951630 4.555833 
29.001400 28.669302 -25.802694 -5.768654 -0.335681 -2.348988 
30.872871 29.834925 -25.627392 1.440554 6.098884 -0.339918 
31.017309 29.799730 -25.811325 0.912706 3.001902 0.016754 
30.731852 29.857401 -25.898727 0.355820 3.113576 -0.130047 
31.082539 29.770718 -25.603136 2.172705 5.882613 -0.282658 
29.273415 29.242975 -26.110584 -4.646512 2.845540 -2.928426 
30.412836 27.397964 -22.872837 0.797152 -3.095094 5.360233 
30.376732 27.187201 -23.022659 0.502261 -4.242784 4.533193 
30.627525 27.295071 -22.980452 0.985831 -3.607294 5.016766 
29.214184 27.550140 -23.228224 -4.137522 -3.570525 2.851536 
32.520630 28.785547 -23.464638 5.290168 0.329315 3.241818 
29.099205 28.858751 -26.006639 -5.642793 0.621614 -2.629318 
29.449780 29.611649 -25.654799 -3.544866 5.026953 -0.521786 
29.935753 28.431009 -22.844879 -1.452530 2.158697 5.686550 
29.828817 28.177671 -22.786711 -1.402655 1.333369 5.907389 
29.811903 27.251858 -25.176378 -3.938808 -4.879481 0.213996 
29.597368 27.447407 -24.689756 -4.953149 -3.792067 -0.633408 
31.404072 29.877447 -23.455523 -0.511481 4.532175 4.268049 
32.021324 29.240042 -23.148287 2.542410 2.074066 5.303064 
31.782225 29.135267 -23.015127 1.764076 2.127102 5.595860 
30.836863 30.023109 -23.939924 -1.965814 5.578616 2.036380 
31.188381 29.818848 -25.222231 1.915540 5.450220 -2.414857 
31.008318 29.818647 -25.407372 1.848444 5.858883 -1.234214 
30.930319 29.915159 -25.153475 0.954560 5.897862 -1.886486 
30.377327 27.000889 -25.522263 -0.810973 -6.214763 0.219355 
29.341261 27.831284 -25.053736 -5.297120 -3.226395 0.992369 
29.259167 27.638119 -25.961924 -5.476569 -2.118630 2.156919 
29.727945 29.676924 -25.995600 -2.524230 5.370098 -1.960241 
29.891045 29.690800 -26.145256 -1.126787 2.770252 -1.031450 
32.111366 27.751806 -25.185062 5.563870 -2.782045 0.236978 
32.090847 27.661406 -25.018986 5.482205 -2.769101 -1.267903 
31.753506 29.606573 -23.242430 1.034163 3.340061 5.164248 
31.785069 28.870232 -22.936609 2.086242 1.262602 5.749450 
30.871639 26.989389 -25.559477 0.381770 -6.244241 0.292017 
30.640985 26.985809 -25.533459 -0.147446 -6.259013 0.162678 
31.656050 27.195198 -25.373623 3.285924 -5.348799 -0.000559 
32.429489 27.745453 -23.818808 5.772383 -2.346973 0.533462 
32.358143 27.573944 -23.918436 5.570014 -2.810537 0.023422 
28.982689 29.036379 -25.536108 -5.671593 2.364136 -0.153488 
30.252148 27.017775 -25.301895 -1.689726 -6.018955 -0.341565 
29.035233 28.224989 -25.411921 -5.540868 -2.878662 0.016421 
32.300472 27.729713 -23.438229 4.677293 -2.404790 3.194603 
32.196270 27.926256 -23.217363 3.839966 -1.850486 4.466575 
30.493258 28.874065 -22.893408 -1.189779 2.482802 5.626271 
31.229542 29.971954 -23.608202 -1.148941 5.009690 3.553274 
31.049961 27.240974 -23.125372 1.464294 -3.809513 4.729584 
29.583864 28.685568 -23.127682 -2.711093 3.194793 4.666051 
29.862118 29.812376 -25.120722 -2.668233 5.643565 0.424168 
30.452978 26.794277 -24.565193 -1.680823 -5.930956 -0.875285 
30.617178 26.743723 -24.357946 -0.897764 -6.174362 -0.210497 
32.380852 28.869461 -23.298714 4.461974 0.785853 4.280096 
29.825262 29.808702 -25.346725 -2.385901 5.780587 0.072838 
30.905165 29.770506 -23.467070 -1.404167 4.737264 3.852407 
29.993202 27.928978 -22.729145 -0.675747 0.103418 6.180586 
32.443081 28.158972 -23.438255 5.364352 -1.148871 2.965907 
30.639034 29.873802 -25.646893 0.623548 6.231308 -0.431966 
29.866280 27.683481 -22.763912 -1.091061 -1.155519 5.976148 
32.018524 27.591087 -25.163652 5.303373 -3.238899 -0.304630 
32.001381 27.496872 -24.992247 5.137388 -3.269287 -1.521211 
29.191586 28.408627 -24.302187 -6.177979 -0.310034 -0.974441 
29.143824 29.129015 -25.092264 -5.139189 2.931438 2.020146 
29.137409 28.956085 -24.913378 -5.403602 2.172306 2.316741 
28.980450 28.961071 -25.307407 -5.597417 2.267911 1.344586 
29.351841 27.885517 -24.824354 -5.615978 -2.704341 0.677467 
31.032072 29.901169 -23.589100 -1.515547 4.959189 3.523048 
31.280935 29.994493 -24.891157 0.373331 5.284215 -3.344059 
30.391113 26.953556 -25.110832 -1.523797 -5.931311 -1.337942 
29.736418 27.162329 -24.240602 -4.170718 -4.459852 -1.449907 
31.768156 29.395752 -23.128456 1.374238 2.740034 5.446319 
30.978735 26.750959 -24.007887 0.403832 -6.133170 1.086710 
30.906076 26.781956 -24.760555 0.258552 -5.987924 -1.679322 
30.662472 26.766684 -24.643852 -0.743835 -6.084981 -1.147794 
31.082554 28.181877 -22.743170 0.787517 -0.668777 6.157115 
30.841209 28.231924 -22.723692 0.208852 -0.029178 6.257091 
30.316393 29.926361 -25.232361 -0.550347 6.210954 -0.649947 
30.610922 29.940155 -25.179970 0.169422 6.170834 -1.119571 
30.495090 29.902552 -25.446207 0.175364 6.233902 -0.728426 
30.230459 29.892036 -25.512646 -0.581115 6.211604 -0.609715 
31.588520 29.747444 -23.326979 0.219161 3.989873 4.797519 
30.851946 27.097795 -23.199722 1.124861 -4.545858 4.129836 
31.004852 27.032370 -23.325415 1.202629 -4.910660 3.656235 
29.186949 27.558386 -26.156296 -5.062253 -1.980424 3.047957 
30.181768 29.857449 -25.794407 -0.881694 6.136361 -0.849029 
31.200132 26.861385 -24.877102 1.345901 -5.738821 -2.043281 
29.027010 28.844461 -25.068554 -5.520422 1.644055 2.380076 
30.516777 26.975231 -25.314281 -0.597985 -6.173796 -0.895620 
30.440434 29.856367 -25.986013 -0.151951 3.117685 -0.366643 
30.557909 29.870100 -25.807341 0.194992 6.262748 -0.430826 
30.797056 26.821840 -23.702719 0.285192 -5.973639 1.877103 
30.904007 26.897564 -23.527031 0.766183 -5.629197 2.622245 
30.608969 27.081816 -23.164116 0.666676 -4.685882 4.042453 
31.749178 27.250299 -25.211380 3.984420 -4.772692 -0.643468 
31.859556 27.296078 -24.989010 4.519685 -4.050913 -1.555168 
31.547869 27.121918 -25.231943 2.893395 -5.467604 -0.998180 
30.807053 27.217304 -23.077801 1.114440 -3.892590 4.772349 
29.433533 29.225418 -24.195599 -5.108289 3.545593 0.716707 
30.968769 28.400700 -22.731699 0.185913 0.411470 6.240026 
29.780825 27.486818 -22.845243 -1.589253 -2.496223 5.414038 
30.131197 27.680252 -22.742954 -0.108685 -1.222973 6.096112 
30.626692 28.294588 -22.727787 -0.178693 0.534748 6.245921 
30.466131 28.118721 -22.719761 -0.081990 0.169795 6.257063 
31.188976 28.448761 -22.746189 0.652909 0.292710 6.192840 
30.758881 29.884554 -25.409468 0.978541 6.114694 -0.991693 
30.491310 26.884745 -24.959938 -1.336787 -5.853909 -1.790609 
30.465643 26.835880 -24.774820 -1.631544 -5.840016 -1.489081 
30.308495 26.928389 -24.905430 -2.296222 -5.656052 -1.430220 
32.499390 28.066540 -23.623505 5.785724 -1.519982 1.743214 
32.532349 28.298889 -23.569254 5.710789 -1.045115 2.244205 
31.369162 30.203831 -24.036795 -1.090476 5.941649 1.541978 
29.343344 27.392565 -26.046968 -4.573057 -3.358163 2.610622 
30.608732 29.996504 -24.127163 -1.980776 5.778941 1.404533 
32.468380 29.080906 -23.450298 4.933415 1.241801 3.491112 
30.423481 29.880840 -25.698980 -0.046722 6.253045 -0.545516 
31.154768 26.745520 -24.196814 0.861140 -6.170037 0.442375 
29.443949 29.593769 -25.363787 -3.803807 4.851115 0.773306 
30.158422 28.212772 -22.742729 -0.670467 1.024576 6.114904 
30.294813 27.900768 -22.719128 0.046205 -0.335931 6.231114 
30.615728 30.041058 -24.406132 -1.725113 6.008462 0.265451 
30.815828 30.089184 -24.506161 -1.362557 6.078894 -0.627557 
29.517857 29.589245 -25.936285 -3.256132 4.952049 -1.811296 
29.064159 28.391645 -25.837599 -5.782518 -1.361437 -1.985921 
30.308741 29.040443 -23.029335 -1.683313 3.059242 5.206442 
30.757256 29.995501 -24.922188 -0.148604 6.080048 -1.519030 
31.032728 29.998901 -24.900274 0.147857 5.800068 -2.385506 
31.626446 26.945301 -24.617237 3.165640 -5.128343 -1.601937 
29.781029 27.055702 -24.013035 -3.633630 -4.991271 -0.873096 
30.044497 27.019859 -25.827705 -1.758536 -5.825182 1.523040 
30.098251 27.116762 -23.089493 -0.481787 -4.900368 3.722373 
30.754747 26.967485 -23.351641 0.680665 -5.321709 3.188020 
32.642910 29.193254 -24.081823 6.102581 1.211466 -0.070292 
30.901024 26.724873 -24.250731 0.020434 -6.246286 0.203021 
30.393185 27.633575 -22.768282 0.611117 -1.745862 5.950712 
30.616322 27.841576 -22.742876 0.592812 -1.170405 6.095267 
29.073479 28.192080 -25.632545 -5.659585 -2.467357 -0.982332 
32.652596 28.484129 -23.987255 6.060511 -1.407258 0.025304 
30.157259 29.802771 -26.069122 -0.655470 3.007963 -0.672440 
29.675243 27.298313 -24.457626 -4.568537 -4.120522 -1.244321 
32.447155 27.785692 -24.019470 5.799789 -2.246805 -0.528678 
29.282251 27.307886 -26.250353 -2.078168 -1.645432 1.397696 
29.201508 28.640526 -24.408310 -6.237589 0.524841 0.104649 
31.160101 29.920376 -25.043016 1.055043 5.471678 -2.876909 
32.386486 27.967489 -23.427267 5.107349 -1.710319 3.086697 
32.432613 27.836952 -23.632160 5.603119 -2.049780 1.727692 
30.239967 28.790602 -22.917271 -1.526192 2.579178 5.500639 
30.831881 29.898575 -23.688469 -1.783890 5.198739 3.017626 
32.617058 28.484659 -23.728794 5.944000 -0.982837 1.577209 
30.629839 26.910265 -25.102486 -0.517397 -5.969816 -1.857243 
30.820097 26.777412 -23.866188 0.119388 -6.101100 1.422483 
30.891396 26.876888 -25.021801 0.345031 -5.893652 -2.112982 
30.673300 26.829803 -24.883074 -0.568999 -5.941239 -1.873584 
30.042561 29.882473 -25.306408 -1.483122 6.056298 -0.248109 
31.171721 26.954620 -23.507519 1.161726 -5.366023 2.986353 
31.651247 30.245890 -24.055702 0.034005 5.936654 1.616800 
29.992598 28.687061 -22.944302 -1.817229 2.695645 5.358722 
31.796188 27.123680 -24.745449 3.973869 -4.447764 -1.881002 
30.772541 28.463720 -22.741533 -0.248673 0.890968 6.199549 
30.579355 28.492109 -22.758772 -0.522070 1.258894 6.120994 
30.124165 27.009041 -24.850721 -3.145106 -5.314777 -1.118454 
30.908987 30.066746 -24.702724 -0.702308 6.001718 -1.650338 
30.309090 27.007362 -23.230127 -0.152986 -5.252415 3.255137 
30.690441 28.088673 -22.722685 0.207675 -0.298224 6.255090 
