12.076495 46.672138 -41.021225 -1.884125 4.444368 -3.719986 
12.366638 46.757149 -40.977230 0.033152 5.014076 -3.554215 
12.317702 46.565720 -41.187630 -0.262508 3.830080 -4.727438 
12.185334 46.014172 -41.379154 -0.901091 -0.034239 -5.962914 
11.907207 45.978107 -41.277397 -2.956803 -0.319763 -5.318324 
12.022305 46.198174 -41.310913 -2.160629 1.356113 -5.545425 
13.092481 44.631577 -40.866222 0.087136 0.488675 -2.795621 
12.796058 44.520267 -40.805359 -0.943461 -0.175088 -2.870845 
12.855244 44.803421 -40.822304 -0.458319 -0.452146 -6.176487 
12.531813 44.444557 -40.663490 -1.245525 -0.744608 -2.761822 
12.601664 44.738953 -40.746452 -1.547445 -1.695772 -5.748475 
12.755304 46.209084 -41.254185 2.818881 1.372419 -5.311748 
12.835664 46.420033 -41.121487 3.241076 2.677377 -4.437392 
12.981703 46.121574 -41.114330 4.045702 0.824546 -4.549782 
13.234025 46.359497 -40.685970 4.871086 2.746019 -2.623721 
13.205871 46.119686 -40.864956 4.776336 1.177178 -3.799077 
13.066555 46.394875 -40.917751 4.286222 2.565270 -3.528575 
12.575423 46.392769 -41.272957 1.470887 2.501667 -5.266400 
12.863197 46.633320 -40.906796 3.180179 4.160495 -3.147866 
11.594778 46.216286 -40.939396 -4.911335 1.692423 -3.248718 
11.576946 46.420200 -40.713116 -4.992194 3.026144 -2.013511 
11.779608 46.508366 -40.964985 -3.799334 3.404417 -3.303765 
11.793700 46.228683 -41.173840 -3.704056 1.630954 -4.438464 
11.441143 46.161915 -40.672714 -5.505311 1.671534 -2.150936 
11.263551 45.810421 -40.309261 -5.832927 -0.047152 -0.921369 
11.339828 46.094059 -40.385021 -5.773156 1.867254 -0.957307 
11.368853 45.867290 -40.600742 -5.649678 -0.073034 -2.412555 
12.001121 45.509003 -41.151989 -2.258371 -3.020037 -4.932991 
11.949934 45.296131 -40.977337 -2.423363 -3.543380 -4.483058 
11.748871 45.523987 -41.005722 -3.627135 -2.662279 -4.229859 
12.886639 45.259499 -38.196785 -0.853640 2.119732 1.640463 
13.143219 45.353432 -38.258476 -0.060454 2.406220 1.495927 
12.906522 45.391373 -38.380238 -1.214405 4.908507 3.716345 
11.910046 46.734085 -40.790855 -3.011887 4.754288 -2.441936 
11.306991 46.017342 -40.072433 -5.829414 1.713159 0.761523 
12.026953 46.439533 -41.209896 -2.161144 3.101751 -4.729076 
12.267285 46.297180 -41.339962 -0.382347 1.996520 -5.683033 
13.056307 46.595985 -40.689209 4.081592 4.095530 -2.073456 
12.613030 46.791374 -40.852989 1.683110 5.229268 -2.780984 
12.817844 46.786697 -40.657654 2.846434 5.178025 -1.695645 
11.508779 45.931976 -40.867554 -5.267273 -0.007516 -3.235275 
12.613974 46.630318 -41.087788 1.658711 4.135354 -4.085294 
11.278194 45.752499 -39.997478 -6.014415 -0.005049 0.986925 
12.209530 45.322521 -41.086227 -0.953993 -3.744408 -4.891496 
12.176569 45.109093 -40.906872 -1.268964 -3.808594 -4.790809 
13.113618 45.852676 -40.989132 4.260660 -0.264197 -4.548640 
12.343393 44.681194 -40.657391 -1.948300 -2.530658 -5.376557 
11.681511 45.972404 -41.100456 -4.386546 -0.087394 -4.276835 
13.020103 45.507603 -38.509945 -0.024372 4.960465 3.809978 
12.658611 45.794628 -41.304966 2.064403 -1.335123 -5.559585 
12.525720 45.556622 -41.248562 1.164205 -2.853122 -5.308246 
12.372022 45.774357 -41.355015 0.208885 -1.479008 -5.904515 
11.935668 46.852104 -40.329994 -3.213824 5.273997 0.223697 
12.114409 46.903740 -40.143085 -1.975168 5.628169 1.696447 
12.156827 46.974468 -40.380352 -1.609062 5.626047 -0.239229 
12.396029 44.933174 -40.810383 -0.840541 -3.290932 -5.270867 
12.137710 44.890884 -40.721779 -1.909549 -3.535724 -4.802790 
12.170541 46.831779 -40.813694 -1.296599 5.385038 -2.684622 
12.279087 44.380394 -40.497089 -1.604573 -1.321298 -2.305941 
13.504116 45.772648 -40.486008 5.511580 0.756755 -2.803317 
13.386292 45.550804 -40.680889 4.787098 -0.290293 -3.976391 
13.321448 45.834114 -40.774090 4.868964 0.245324 -3.834381 
11.557418 44.942871 -40.163616 -5.162371 -3.071731 -1.622159 
11.468877 45.042938 -39.926201 -5.726968 -2.450302 -0.177232 
11.428032 45.184978 -40.135380 -5.637251 -2.476038 -0.983685 
12.744534 45.334686 -38.381805 -2.212641 4.286235 4.003525 
11.630476 45.751534 -41.003189 -4.510591 -1.356709 -3.978482 
12.101890 44.673077 -40.547260 -2.869091 -3.226882 -4.524645 
12.414994 45.386517 -41.142059 0.398335 -3.683800 -5.044222 
12.262349 45.526337 -41.247280 -0.620969 -3.037614 -5.275359 
13.383332 46.099537 -40.616207 5.285718 1.556093 -2.752474 
11.922649 45.089153 -40.779171 -2.699681 -3.673858 -4.275241 
11.378686 45.283882 -39.911125 -5.932899 -1.802630 0.455457 
13.386369 46.338905 -40.166672 5.124984 3.465381 -0.083686 
13.489625 46.097424 -40.331429 5.626769 2.113742 -1.429603 
13.345496 46.348816 -40.436440 5.105465 3.119812 -1.410387 
11.467764 46.349800 -40.438961 -5.368041 3.022175 -0.786412 
11.820099 45.736073 -41.164642 -3.366239 -1.760667 -4.865164 
11.507463 45.315636 -39.438450 -5.555131 -0.540075 2.747011 
11.644506 45.161800 -39.218822 -5.290220 -0.338076 3.278987 
11.660996 45.451172 -39.202274 -4.827376 0.447519 3.921952 
13.605314 45.845428 -40.188637 5.783418 1.690863 -1.510766 
12.459883 45.181652 -40.990768 0.142980 -3.550170 -5.149256 
11.306371 45.561676 -40.191261 -6.002997 -1.475368 -0.611228 
13.637514 45.867199 -39.923500 5.714830 2.458012 -0.367051 
13.520815 46.100368 -40.048897 5.541196 2.849749 -0.160771 
12.629858 45.382458 -41.096016 1.457621 -3.289732 -5.129383 
12.835659 46.766083 -39.963558 2.516420 5.422634 1.779958 
13.020143 46.698154 -40.102905 3.492315 5.069451 0.767175 
12.796976 46.835217 -40.166241 2.622365 5.566265 0.747574 
11.708513 45.311821 -40.803185 -3.823778 -3.120806 -3.792806 
11.698609 45.095551 -40.600422 -3.939265 -3.340045 -3.476414 
11.510933 45.337727 -40.572845 -4.888756 -2.576769 -2.814177 
12.443577 46.980396 -40.421940 0.950943 5.872237 -0.637462 
12.290997 46.927547 -40.620049 -0.413557 5.837012 -1.971509 
12.078614 45.742783 -41.305477 -1.804818 -1.818491 -5.526122 
11.594468 46.301678 -39.640797 -4.350462 3.138928 2.982579 
11.540902 46.415562 -39.924973 -4.777298 3.576443 1.532954 
11.424144 46.174385 -39.856579 -5.381753 2.471030 1.831604 
11.413811 46.270973 -40.146557 -5.462091 2.926649 0.418124 
11.828205 46.396946 -39.493206 -2.973925 3.766499 3.886822 
11.740438 46.141624 -39.361664 -3.627548 2.788056 4.166908 
11.559291 46.499504 -40.210777 -4.908956 3.808232 0.338741 
11.730757 46.694908 -40.270977 -4.161155 4.577633 0.364290 
11.705612 46.613384 -39.996201 -4.055378 4.472208 1.467059 
11.897257 46.781670 -40.066650 -3.089630 5.145084 1.506338 
12.525732 46.073952 -41.362858 1.184313 0.447295 -5.949296 
11.513041 45.605961 -40.782619 -4.942971 -1.793189 -3.206768 
12.410771 46.762516 -39.737942 0.118501 5.338120 3.148069 
12.632235 46.602970 -39.542953 1.063629 4.894895 3.689780 
12.738873 46.722370 -39.768490 1.711406 5.229720 2.867789 
12.552479 46.893333 -40.630852 1.513202 5.751027 -1.809634 
13.375333 46.309441 -39.887463 4.796619 3.774251 1.142774 
13.210343 46.525070 -39.998405 4.218309 4.420712 1.021681 
11.727269 46.512878 -39.736137 -3.689607 4.187068 2.676061 
12.828748 46.431152 -39.408813 1.760641 4.550248 3.891936 
12.911248 46.561253 -39.624676 2.388018 4.782695 3.194305 
11.673465 44.847115 -39.251781 -5.630364 -1.233290 2.378235 
11.779040 45.006195 -39.026302 -5.090033 -0.086093 3.602022 
11.494752 46.053703 -39.588638 -4.954973 2.014696 3.064848 
11.593648 45.888885 -39.379593 -4.622864 1.543660 3.857745 
11.528327 45.128376 -40.373772 -4.988287 -2.931043 -2.288955 
13.095643 44.898083 -40.792545 1.389313 0.444880 -6.040515 
12.899442 45.051739 -40.853371 1.299579 -1.609053 -5.892124 
13.126286 45.156708 -40.808922 2.669526 -1.048359 -5.547228 
11.721378 46.611111 -40.709011 -4.295489 4.033317 -1.910201 
11.806074 46.747257 -40.538063 -3.769902 4.781355 -0.959101 
11.623023 46.568928 -40.484997 -4.785106 3.891582 -0.737678 
13.340284 44.766865 -40.759781 1.116535 0.792555 -2.692143 
11.449260 45.167187 -39.684681 -5.875402 -1.606995 1.315913 
11.390519 45.433239 -39.682404 -5.842423 -0.755138 1.927861 
13.201445 45.601650 -40.876766 4.086337 -0.916248 -4.623581 
12.994221 45.609249 -41.038857 3.417474 -1.584708 -4.970586 
12.032012 46.870667 -40.587639 -2.438653 5.459718 -1.560678 
11.497194 45.621998 -39.444523 -5.277783 0.350905 3.259338 
13.257903 45.366867 -40.767891 3.863894 -0.996569 -4.837895 
13.065516 45.396374 -40.915287 3.119355 -1.744981 -5.137266 
11.918157 46.560284 -39.619072 -2.511168 4.508764 3.495423 
12.077613 46.488941 -39.452568 -1.646913 4.300893 4.199919 
11.531944 44.906513 -39.707989 -5.759498 -2.294315 0.587515 
11.363890 45.924637 -39.801048 -5.735325 1.268183 2.087465 
12.300746 45.405594 -38.689510 -2.824457 2.520992 4.998616 
12.145936 45.624210 -38.859062 -2.655950 2.287058 5.155731 
12.043483 45.366669 -38.827122 -3.573647 1.580565 4.878312 
12.773108 45.587757 -41.165062 2.583358 -2.385636 -5.126908 
12.896979 45.823833 -41.167198 3.583120 -0.975632 -4.989573 
11.789378 45.927048 -39.201431 -3.616775 2.100882 4.588961 
12.779719 46.004559 -41.271999 2.961746 0.016787 -5.354135 
12.023410 46.277355 -39.283161 -2.060801 3.639978 4.599298 
11.889762 44.635139 -38.923489 -2.587592 -0.513491 1.660241 
11.786373 44.775753 -39.043133 -5.363605 -0.937381 3.010737 
11.793215 44.525887 -39.175613 -2.782483 -0.927938 1.062598 
12.786823 46.257240 -39.210133 1.237196 4.263458 4.396453 
12.989710 46.269646 -39.312267 2.343617 4.318002 3.870735 
11.594857 44.789906 -39.939953 -5.396674 -2.989706 -0.905039 
11.707856 44.890614 -40.395626 -4.243831 -3.464080 -2.962807 
13.517304 46.075691 -39.775032 5.114503 3.419223 0.938319 
13.324104 46.244301 -39.618458 4.141712 4.027118 2.331822 
13.486431 46.010521 -39.513115 4.460970 3.813546 2.046043 
13.050003 45.866814 -38.923954 1.568906 4.361051 4.198024 
12.819503 45.741661 -38.763233 -0.006467 4.209851 4.620255 
13.148757 45.635815 -38.697178 1.248367 4.862551 3.745034 
13.291743 45.720383 -38.883465 2.498545 4.601655 3.445872 
12.214235 44.881470 -38.526367 -2.143041 0.642927 2.143596 
12.416292 45.008747 -38.376358 -1.926983 1.182800 2.098216 
12.265304 45.059814 -38.543411 -3.934015 1.979478 4.465554 
12.316024 46.976536 -40.212078 -0.191551 5.840997 1.374781 
12.348041 46.895401 -40.010971 -0.116550 5.733189 2.389241 
12.616954 46.849346 -39.960567 1.347012 5.618452 2.160682 
12.545865 46.932011 -40.188747 1.526853 5.871509 1.142977 
12.993228 46.726028 -40.400440 3.588188 5.002151 -0.547764 
13.348697 45.150204 -40.667667 3.686256 0.083446 -5.056780 
13.288094 44.975895 -40.721222 2.804998 0.753826 -5.532912 
12.702600 46.885262 -40.412895 2.464835 5.673563 -0.459042 
11.396287 45.357906 -40.312607 -5.604343 -2.192811 -1.624914 
11.369529 45.586250 -40.472145 -5.614367 -1.632554 -2.140649 
12.394351 45.196571 -38.512863 -3.449196 2.761512 4.452431 
11.816838 45.277493 -39.003155 -4.510702 0.707071 4.258598 
11.969234 45.072441 -38.813213 -4.374537 0.833309 4.386501 
12.114697 46.668247 -39.647877 -1.404648 4.951252 3.452305 
13.540604 44.902142 -40.577198 1.982282 0.628717 -2.281062 
12.657834 44.986176 -40.862103 0.027968 -2.583451 -5.686882 
12.032936 44.755051 -38.706474 -2.343418 0.121089 2.021479 
11.881344 44.851814 -38.894482 -4.946540 -0.161543 3.820089 
12.126935 44.997025 -38.645210 -4.262271 1.230567 4.418985 
11.643782 44.659630 -39.730801 -5.551261 -2.837752 -0.113408 
12.569523 46.423374 -39.328579 0.547360 4.412087 4.381163 
11.895958 46.678822 -39.812923 -2.808972 4.877163 2.559676 
11.766050 44.439808 -39.452698 -2.790704 -1.402425 0.313098 
11.692202 44.630062 -39.386436 -5.716439 -2.086302 1.349619 
13.782119 45.139500 -40.080402 2.910787 0.558999 -1.068668 
13.686200 45.026840 -40.346222 2.602944 0.532897 -1.657589 
13.681494 45.301807 -40.240486 5.600247 1.020557 -2.646344 
13.742193 45.393833 -40.050964 5.878105 1.161696 -1.840288 
13.838165 45.240158 -39.795326 3.029719 0.677053 -0.558731 
12.344748 46.577648 -39.475964 -0.320589 4.684430 4.022944 
13.546318 45.387745 -40.456875 5.198339 0.481313 -3.464220 
13.410244 45.328213 -40.628372 4.483112 -0.272959 -4.367912 
12.635010 45.134838 -38.257519 -1.501937 1.702389 1.960296 
13.632281 45.666748 -39.222130 4.648740 3.617417 2.033321 
13.744479 45.561661 -39.384487 5.501660 2.795073 0.966627 
13.633721 45.777443 -39.436211 4.997198 3.363647 1.556960 
13.745403 45.612789 -39.584541 5.732976 2.450211 0.358366 
11.442044 45.837471 -39.581326 -5.405368 0.940877 2.922549 
11.360044 45.682781 -39.734440 -5.839220 0.084763 2.158415 
11.351264 45.378193 -40.097870 -5.942476 -1.856192 -0.421607 
11.321570 45.514252 -39.932922 -6.067439 -1.058974 0.842263 
11.691997 44.572845 -39.562317 -5.620069 -2.705309 0.333513 
11.619211 44.773735 -39.513416 -5.788184 -2.093898 1.155524 
13.503480 45.160866 -40.535748 4.494464 0.724098 -4.307666 
11.808716 44.381302 -39.739094 -2.625869 -1.697305 -0.394377 
11.728293 44.562542 -39.922874 -5.083386 -3.352267 -1.373198 
11.919872 44.354336 -40.017879 -2.301528 -1.850924 -1.120773 
12.552985 45.371838 -38.527138 -2.543230 3.486997 4.538836 
12.473996 45.649223 -38.745842 -1.564485 3.297181 5.069671 
12.788844 46.031384 -39.007290 0.774050 4.077002 4.677789 
11.747612 44.667946 -40.165279 -4.623260 -3.473384 -2.340078 
11.901365 44.688263 -40.399685 -3.692663 -3.601197 -3.543432 
12.298501 46.366749 -39.280033 -0.727731 4.106104 4.641664 
12.751535 45.502422 -38.551296 -1.307810 4.215909 4.443528 
13.726054 45.654896 -39.803570 5.880593 2.074148 -0.461143 
13.698254 45.635513 -40.021717 5.911913 1.538561 -1.342546 
13.641316 45.558189 -40.248550 5.706688 0.911009 -2.396639 
13.366354 45.404736 -38.425316 0.730262 2.483465 1.476352 
12.226735 45.877258 -38.956764 -1.771789 2.930942 5.235502 
12.181617 45.188534 -38.668678 -3.664303 1.901641 4.720236 
13.252204 45.915661 -39.095882 2.831088 4.308900 3.553539 
12.938265 45.242374 -40.916191 2.118720 -2.238181 -5.466957 
11.904151 44.880596 -40.585167 -3.129643 -3.596982 -4.042728 
12.859520 45.401680 -41.022415 2.343062 -2.555758 -5.220263 
13.165361 46.465096 -39.735302 3.685453 4.409261 2.318831 
13.848337 45.324966 -39.495708 2.972469 1.018856 0.023328 
13.793373 45.465195 -39.713345 5.989863 1.755845 -0.527387 
12.263491 46.134644 -39.099701 -1.129850 3.525957 5.008892 
11.991199 46.040051 -39.131329 -2.429175 2.876771 4.924445 
13.802752 45.386547 -39.193172 2.640558 1.524071 0.599249 
13.019127 46.092369 -39.138607 2.090822 4.246861 4.075917 
11.954878 45.797371 -39.040333 -3.023637 2.048383 5.059964 
12.119979 46.812069 -39.888638 -1.482142 5.414280 2.553268 
13.500404 45.577084 -38.865536 3.424444 4.495074 2.701198 
13.548825 45.423862 -38.646790 1.553058 2.310147 1.267962 
13.696931 45.418205 -38.905464 2.134354 1.986759 1.004781 
13.626675 45.568340 -39.039597 4.375066 3.873252 2.184558 
12.061590 44.525452 -40.393429 -3.726722 -3.305836 -3.822572 
11.882178 45.548225 -39.007725 -3.827483 1.365108 4.753021 
11.546970 45.028522 -39.460571 -5.719778 -1.406275 1.992540 
11.712254 45.713428 -39.192585 -4.259285 1.179942 4.365670 
13.644519 45.844795 -39.672382 5.415255 2.979813 0.656497 
13.369295 45.557270 -38.698154 2.420082 4.952590 2.980021 
13.764961 45.478722 -39.879753 5.986726 1.493326 -1.135273 
13.461912 45.731396 -39.055809 3.531217 4.269504 2.916091 
12.084646 44.357349 -40.271004 -2.016210 -1.716084 -1.705783 
12.399840 46.858505 -40.787945 0.379313 5.644615 -2.568490 
13.457180 45.886120 -39.270592 3.901784 4.045125 2.730687 
13.237351 46.127354 -39.341103 3.308733 4.188291 3.252921 
12.518783 45.952339 -38.937698 -0.534498 3.603462 5.078461 
13.183681 46.528023 -40.500599 4.531586 4.051849 -1.351637 
11.936320 44.514359 -40.255283 -4.074942 -3.562889 -3.152910 
12.740776 45.205311 -40.962330 1.306831 -2.836688 -5.436077 
13.210649 46.547363 -40.268532 4.424240 4.342065 -0.237853 
13.084786 46.366619 -39.497128 3.004603 4.376558 3.273092 
12.993042 46.647556 -39.856552 3.052000 4.967403 2.079101 
12.535196 46.208904 -39.131210 0.072533 4.000450 4.799026 
