47.623936 40.904488 -55.490887 4.365490 2.542237 3.353251 
47.378239 41.070629 -55.416576 1.596452 4.217397 3.630551 
47.444141 40.837803 -55.300800 3.121538 2.667791 4.631235 
47.692528 40.944756 -55.736355 4.941870 3.548242 0.491631 
47.576023 41.104595 -55.596615 3.147811 3.800965 1.430347 
47.332714 41.203602 -55.700962 0.721956 5.545861 0.166928 
45.670925 40.766388 -55.498108 -3.477956 5.086350 0.950167 
45.746849 40.736115 -55.234943 -3.109649 4.876265 2.263696 
45.894379 40.882381 -55.404800 -2.861236 5.330933 1.432349 
47.425491 40.129650 -55.037731 3.539439 0.937244 5.080018 
47.194714 40.059074 -54.878471 3.008560 0.596928 5.431671 
47.424839 39.809872 -55.003082 3.318594 0.112321 5.297381 
46.346954 38.870121 -55.127457 -2.298176 -2.090579 5.432437 
46.129860 39.015896 -55.168835 -2.851703 -3.085398 4.637742 
46.172092 38.769470 -55.259190 -3.322634 -1.569079 5.067004 
46.404213 38.547192 -55.178200 -1.065725 -0.582254 2.663546 
46.906746 40.832726 -56.774578 -0.969496 6.072305 -1.227029 
47.177124 40.862057 -56.871258 -0.275670 3.031993 -0.283169 
46.894844 40.802326 -56.992916 -0.697715 2.903402 -0.425732 
45.222073 40.223698 -56.066761 -5.565695 2.184280 -1.258125 
45.163399 39.915565 -56.058304 -6.018157 -0.038013 -1.060760 
45.156307 40.113567 -55.794102 -5.999488 1.223489 -0.297482 
46.687641 39.882259 -54.653000 1.578440 -0.618668 5.904347 
46.938641 39.980503 -54.749207 2.476667 0.066641 5.723052 
46.715076 40.181568 -54.674889 1.721478 1.146701 5.789500 
46.316231 39.109570 -55.011730 -1.673232 -3.175319 5.128619 
47.817131 40.786716 -55.901447 4.638240 4.074300 0.953233 
47.665348 40.938076 -55.964001 3.798510 4.833552 -0.986571 
47.523151 41.099876 -55.839355 2.958901 4.997456 -1.542445 
46.142056 38.519020 -55.316895 -1.623591 -0.378860 2.338179 
46.017208 38.722748 -55.392864 -4.046514 -1.227727 4.627312 
46.975826 40.278469 -54.806480 2.487726 1.470665 5.517553 
46.717724 40.508942 -54.797417 1.462838 2.654519 5.424288 
46.062416 39.232834 -55.023136 -2.223780 -3.842359 4.421441 
45.385483 40.477142 -56.084873 -4.748056 3.737698 -1.411647 
45.353077 40.296032 -56.336658 -4.909153 2.731133 -2.445685 
48.040928 40.643963 -56.121418 2.034410 2.085229 0.710456 
47.899624 40.791634 -56.349560 1.337657 2.666618 0.143641 
47.816727 40.816742 -56.099564 3.529649 5.146029 0.308192 
45.624046 40.365891 -54.850811 -2.891767 3.220607 4.211304 
45.671837 40.103958 -54.703732 -2.421523 0.885359 5.354591 
45.888470 40.294342 -54.701015 -1.468910 2.389717 5.449781 
45.157486 39.788616 -55.775555 -6.013443 -1.204054 0.153716 
47.459717 40.610935 -55.207718 3.492450 1.989736 4.781832 
47.286255 40.762936 -55.171719 2.478917 2.791013 4.986550 
47.250957 40.578995 -55.068291 2.866478 2.287263 5.080786 
45.151237 39.990955 -55.523602 -6.078785 -0.103302 0.676274 
45.194691 40.244373 -55.572311 -5.720055 2.226652 0.305649 
46.269756 39.341454 -54.863655 -1.060613 -3.430934 5.115623 
47.019695 40.555397 -54.926739 2.321608 2.545678 5.162803 
45.571964 38.778908 -55.920979 -2.645234 -0.822565 1.221384 
45.515148 39.037151 -55.858593 -5.389443 -2.404306 2.083689 
45.461224 38.946712 -56.148819 -2.884753 -0.761908 0.434634 
47.221996 40.339176 -54.955513 3.086133 1.588926 5.202046 
46.485081 39.495312 -54.754307 0.091769 -2.782432 5.593050 
46.210640 39.587154 -54.717541 -0.714801 -2.812799 5.489452 
45.856678 40.525101 -54.873703 -2.069786 3.881182 4.397983 
46.143402 40.492046 -54.754959 -0.916503 3.181519 5.221898 
45.229511 39.592422 -56.076843 -5.854419 -1.877756 -0.719904 
45.425377 39.164867 -56.376881 -2.957647 -0.804512 -0.448009 
45.420345 39.148727 -56.041260 -5.821469 -2.182044 0.660520 
45.240963 39.666485 -55.460098 -5.441377 -2.506780 1.385110 
45.838634 40.889687 -55.721161 -3.024178 5.449265 -0.017570 
46.579292 41.067345 -55.359642 -0.354311 5.742887 2.269295 
46.611420 40.912243 -55.091503 0.335298 4.880112 3.808505 
46.877449 40.999401 -55.247456 0.613425 5.023900 3.539802 
45.992470 39.449631 -54.862663 -1.801015 -3.669551 4.707818 
45.533123 39.888062 -54.800804 -3.416069 -1.401240 4.777230 
45.339092 39.882919 -54.978462 -4.575165 -1.449493 3.401965 
45.515579 39.689045 -54.940536 -3.583559 -3.266020 3.854439 
45.914955 39.709778 -54.712784 -1.467243 -2.590182 5.397858 
48.075851 40.224060 -55.703934 2.285001 1.073219 1.772640 
48.093666 40.444897 -55.900692 2.247835 1.538541 1.354012 
47.896442 40.509689 -55.666954 4.857371 2.517559 3.068207 
46.775684 41.144386 -55.564064 -0.410607 6.003882 1.355670 
45.802563 39.354481 -55.058006 -2.789734 -4.127396 3.781905 
45.908413 40.887577 -56.030804 -2.800357 5.429937 -1.288609 
46.087261 41.001915 -55.861877 -2.354943 5.734429 -0.636581 
46.134556 40.963974 -56.123802 -2.123321 5.594452 -1.771117 
47.080929 41.144539 -55.525318 0.000043 5.745545 2.106296 
46.925175 41.172791 -55.765846 -0.246567 6.193415 -0.073889 
45.677025 39.729500 -54.795429 -2.582409 -2.972105 4.780659 
46.316227 40.662819 -56.877102 -1.950654 5.538558 -2.208776 
46.127365 40.552349 -56.961243 -2.753177 5.028161 -2.516339 
46.055706 40.630428 -56.737022 -2.460799 5.065372 -2.758588 
46.128517 40.959133 -55.292515 -1.955007 5.409828 2.166633 
46.086006 41.005733 -55.575825 -2.293441 5.735509 0.601939 
47.193394 40.955544 -55.265999 1.281987 4.124461 4.376319 
45.266987 40.126595 -55.089016 -5.166321 1.214080 2.644102 
45.426376 40.140270 -54.877518 -4.011223 1.331642 4.123211 
45.395332 40.386494 -55.121231 -4.282694 3.472034 2.572468 
46.325581 40.580814 -57.143082 -1.149113 2.558980 -0.985288 
46.053505 40.397346 -57.141769 -1.699726 2.082376 -1.424722 
47.073017 40.783775 -55.095654 1.836855 3.509584 4.812989 
46.303917 41.057404 -55.980808 -1.656631 5.893768 -1.185603 
45.978413 38.926315 -55.341969 -3.655307 -2.682226 4.300715 
45.813625 40.174431 -57.083012 -2.127047 1.439765 -1.638259 
45.634083 39.918705 -56.955326 -2.539470 0.542914 -1.706340 
45.635712 40.118702 -56.871765 -4.753220 1.994581 -3.542993 
45.482811 40.635262 -55.876225 -4.258471 4.474209 -0.569781 
45.620987 40.750813 -55.729710 -3.634410 5.084468 0.002418 
45.684895 40.775906 -55.954548 -3.352415 5.172143 -0.948415 
47.913872 40.170200 -55.488571 4.503132 1.636604 4.058100 
48.014420 39.996288 -55.528130 2.167159 0.694511 2.079601 
45.320515 40.437008 -55.448223 -4.870726 3.670048 0.967715 
45.524868 40.608074 -55.321079 -3.898482 4.500449 1.742754 
45.653320 40.564716 -55.064255 -3.231604 4.316704 3.131964 
47.785999 40.743225 -55.667316 5.150880 2.713947 2.208419 
45.423176 39.494244 -55.299755 -4.382686 -3.776436 2.312080 
45.409214 39.387150 -55.530682 -4.694107 -3.659208 1.907517 
45.541344 40.527885 -56.327988 -3.992241 4.119549 -2.405372 
45.210789 40.205330 -55.325214 -5.576492 1.887059 1.364792 
47.636955 39.946777 -55.169113 3.872940 0.679851 4.884836 
47.613445 40.192200 -55.195988 3.961376 1.154811 4.719230 
47.136753 39.752369 -54.849384 2.563404 -0.496238 5.675550 
46.756954 39.455540 -54.800579 0.941963 -2.209460 5.772195 
46.652859 39.652477 -54.703819 1.160969 -1.957317 5.795962 
47.650444 40.896214 -56.172657 2.413915 5.683746 -0.993105 
45.357502 39.673950 -55.154762 -4.657813 -3.113843 2.597751 
45.670418 38.918930 -55.674057 -4.821672 -2.272122 3.278118 
45.728985 38.654861 -55.705181 -2.319999 -0.660789 1.806951 
45.857151 38.813606 -55.518597 -4.283843 -1.858945 4.137727 
45.529995 40.335579 -56.569744 -4.349952 3.179699 -3.072613 
45.767883 40.555630 -56.587738 -3.332359 4.405921 -2.874654 
45.250160 40.015144 -56.322666 -5.583399 0.906036 -2.372126 
45.923267 38.572830 -55.505474 -2.106753 -0.452408 2.157901 
46.576424 39.222240 -54.899757 -0.334852 -2.789299 5.597220 
46.520142 41.121529 -55.642330 -0.956422 6.136856 0.587601 
45.208233 39.914669 -55.243992 -5.664720 -1.011889 1.774682 
46.949078 41.131397 -56.009945 0.067819 5.950142 -1.812874 
46.980061 41.020527 -56.267651 0.415422 5.702307 -2.577095 
46.739449 41.075909 -56.153351 -0.279124 5.848474 -2.178920 
45.891979 39.146862 -55.222706 -3.148587 -3.822304 3.851967 
45.920383 40.002251 -54.633270 -1.139149 -0.149173 5.996529 
46.167099 40.179928 -54.619095 -0.443093 1.251925 5.981359 
46.612518 40.698433 -57.073009 -0.820174 2.893574 -0.798382 
46.870209 39.700607 -54.757504 1.980012 -1.237106 5.811369 
47.475700 41.023029 -56.040928 2.209393 5.354083 -2.353216 
47.221409 41.066437 -56.104771 0.982725 5.664063 -2.467150 
46.182011 39.863705 -54.615948 -0.456886 -1.121707 6.017121 
45.766491 40.735870 -56.254856 -3.096089 4.968377 -2.137204 
45.558350 40.648315 -56.104172 -3.849549 4.608307 -1.587351 
47.777592 39.540154 -55.247795 1.847061 0.027464 2.473037 
47.548920 39.542133 -55.091228 3.352270 -0.299672 5.293493 
47.610481 39.323162 -55.148750 1.590686 -0.344827 2.620383 
46.256134 40.772724 -56.614117 -1.698024 5.378300 -2.752829 
45.999157 40.751328 -56.473885 -2.422337 5.104233 -2.699131 
45.995430 40.854675 -56.253342 -2.468726 5.319872 -2.194759 
46.196060 40.885105 -56.364746 -1.791293 5.406420 -2.598381 
45.843971 40.676437 -55.040230 -2.517186 4.505929 3.451580 
47.322811 39.472458 -54.966351 2.663907 -0.799274 5.589363 
46.476013 40.902439 -56.466351 -1.010367 5.560516 -2.722472 
45.270744 39.492851 -55.771206 -5.486543 -2.800332 0.689438 
47.874683 40.037930 -55.403446 4.333780 1.188340 4.386089 
47.910439 39.767174 -55.377876 2.047936 0.356117 2.302812 
45.965908 40.806465 -55.151390 -2.363527 4.980871 2.936183 
46.534794 38.971081 -55.027691 -1.160539 -2.410403 5.674834 
46.764725 38.995018 -54.988457 -0.216033 -2.188677 5.875179 
46.919636 39.184082 -54.923584 0.734535 -2.060517 5.867062 
45.288578 40.415161 -55.778126 -5.175842 3.374921 -0.313272 
46.519978 40.773865 -56.747417 -1.247053 5.701210 -2.297869 
46.729004 40.857243 -56.628036 -0.581525 5.803752 -2.309471 
46.734459 40.779854 -56.838634 -1.263730 5.915787 -1.559308 
47.340153 41.127735 -55.911987 1.200620 5.670370 -2.288106 
45.690472 40.309998 -56.792191 -4.119493 3.342513 -3.321175 
45.512245 39.658291 -56.786846 -2.686210 -0.048993 -1.598222 
45.539539 39.986877 -56.788776 -5.136189 0.907631 -3.475659 
47.222683 40.938984 -56.366032 0.759518 5.818018 -2.190623 
47.001736 40.889580 -56.549023 0.013139 5.971510 -1.793434 
46.745884 40.965988 -56.392288 -0.211608 5.681855 -2.657049 
47.698963 40.873066 -56.552731 0.454017 2.922910 0.047679 
47.627911 40.884480 -56.356728 1.384265 6.079803 -0.509970 
47.447849 40.890221 -56.727158 -0.121743 3.010414 0.021176 
47.448261 40.885227 -56.469379 0.435249 6.165146 -0.795393 
45.566856 39.162247 -55.599796 -4.606973 -3.404283 2.545659 
47.177795 39.236038 -54.957634 1.792357 -1.592976 5.752506 
47.179272 38.937962 -55.057739 0.724616 -0.945593 2.854524 
47.410328 39.120750 -55.084270 1.220781 -0.720639 2.736715 
46.443558 40.033379 -54.606754 0.547728 0.210478 6.127034 
47.034119 39.467751 -54.860203 1.731904 -1.395959 5.847197 
45.411686 39.257210 -55.800903 -5.228424 -3.139032 1.376336 
46.445358 39.743538 -54.645283 0.338817 -1.691792 5.937719 
46.694881 41.146515 -55.873627 -0.637027 6.137747 -0.711324 
46.371334 40.968525 -55.189381 -0.789089 5.365312 2.963432 
46.402348 40.809551 -54.969933 -0.359677 4.468678 4.270842 
46.669640 38.641884 -55.100094 -0.419826 -0.700535 2.919631 
46.527554 38.774593 -55.097282 -1.405601 -1.587414 5.907807 
45.560516 39.499260 -55.095657 -3.523224 -3.956684 3.265129 
45.623604 39.293739 -55.314320 -3.777248 -4.049496 2.924949 
45.443058 39.405518 -56.592388 -2.825128 -0.575763 -1.212751 
45.367188 39.631344 -56.508419 -5.566443 -0.922260 -2.753949 
45.335079 39.397884 -56.244389 -5.836602 -2.033924 -1.032234 
45.382107 39.372810 -56.388569 -5.791944 -1.600251 -1.819602 
45.247688 39.747375 -56.308708 -5.768984 -0.816630 -2.055710 
46.034126 40.681252 -54.945450 -1.788137 4.289865 4.162671 
46.185959 40.836243 -55.055054 -1.523348 4.815916 3.614372 
45.466965 40.622654 -55.606213 -4.280340 4.476440 0.456379 
47.664070 39.724503 -55.168171 3.762977 0.258117 5.006522 
46.295189 41.079197 -55.730999 -1.636666 6.017972 0.014139 
45.905952 40.449615 -56.893040 -3.488877 4.198196 -3.015643 
47.475838 39.364998 -55.065590 2.991035 -0.880687 5.439270 
45.764648 39.046101 -55.444145 -3.987478 -3.322220 3.510815 
45.412357 40.049999 -56.590370 -5.136861 1.271336 -3.253998 
45.544975 40.169521 -56.730827 -4.704233 2.156872 -3.411553 
45.339634 39.822266 -56.508808 -5.431679 -0.092442 -3.050436 
47.762287 40.033592 -55.293869 4.188032 0.995610 4.569431 
46.564751 41.013798 -56.264347 -0.694823 5.691482 -2.527361 
46.437084 40.348015 -54.668228 0.462254 2.144078 5.734427 
46.596027 40.735794 -54.910912 0.695506 3.799654 4.846368 
46.421562 40.610435 -54.810337 0.132000 3.375386 5.221146 
46.463837 41.111320 -55.862495 -1.173255 6.109105 -0.565761 
46.516579 41.083092 -56.066463 -0.925531 5.938014 -1.674238 
47.774075 40.205235 -55.350365 4.365384 1.402278 4.281617 
47.637955 40.407131 -55.279877 4.132236 1.570590 4.429394 
46.930916 38.774632 -55.060440 0.135608 -0.903217 2.919952 
46.685062 38.832920 -55.052971 -0.642635 -1.821532 5.972096 
45.341434 39.340046 -56.048027 -5.727038 -2.546412 0.012301 
47.439133 40.382545 -55.112213 3.515989 1.571491 4.939907 
46.326641 41.059792 -55.460438 -1.293574 5.924253 1.342794 
47.438961 40.943993 -56.248074 1.392635 5.782254 -1.951752 
46.234337 40.697914 -54.891575 -0.987963 4.033249 4.624231 
47.259895 40.874050 -56.593613 0.008861 6.180888 -0.710334 
46.948807 38.973045 -55.000713 0.694740 -1.951270 5.915662 
46.821358 40.767277 -54.987427 1.402633 3.810371 4.685965 
45.734734 39.877304 -54.699306 -2.047990 -1.477408 5.558903 
45.733368 39.558247 -54.896236 -2.545237 -3.729405 4.288039 
47.139870 41.171074 -55.839397 0.030629 6.074400 -1.061394 
47.924850 40.626236 -55.850155 4.745498 3.429957 2.243438 
47.685879 40.635685 -55.419498 4.499403 1.968224 3.803425 
46.359962 40.999611 -56.217411 -1.366813 5.659000 -2.261672 
45.320992 39.520649 -56.354485 -5.722928 -1.600211 -1.926376 
47.831425 40.363972 -55.479103 4.649070 1.866836 3.773618 
