33.037376 59.524632 -44.161770 3.788773 1.412531 4.396731 
32.876820 59.343666 -44.039795 2.178757 -0.689460 5.291584 
33.097946 59.291950 -44.214615 3.950602 -0.951847 4.544292 
33.193237 59.542778 -44.340786 4.445742 1.972563 3.569244 
32.674423 59.191048 -44.047478 0.308945 -2.175622 5.623164 
32.599434 59.425842 -43.995476 -0.502067 0.270968 5.733970 
32.829964 59.651691 -44.071800 1.594048 2.551249 4.682168 
29.437504 58.180084 -46.691334 -6.119625 -0.501217 -0.650478 
29.463760 58.409840 -46.869511 -6.021041 0.537581 -1.198179 
29.505642 58.150116 -46.972916 -5.834957 -0.921989 -1.917423 
32.802780 56.508301 -45.420380 4.169098 -4.484505 1.132738 
32.998150 56.732727 -45.390972 4.613544 -3.664626 2.035989 
32.811996 56.643196 -45.139240 4.546885 -3.340385 2.557613 
33.310127 59.251152 -44.433266 4.423822 -0.599470 4.164502 
33.203659 59.918961 -46.511463 3.545215 5.163290 0.040628 
33.249233 59.875610 -46.236916 3.518726 5.171254 0.383308 
33.421268 59.751171 -46.434750 4.060348 4.772843 -0.051766 
32.478821 59.707127 -44.109894 -1.206164 2.992546 4.901575 
31.400696 56.234261 -46.447327 0.280236 -5.674050 -2.677073 
31.263149 56.122704 -46.231361 0.051174 -5.675909 -2.664601 
31.125444 56.228409 -46.438499 -0.359833 -5.616507 -2.773883 
32.043335 57.065624 -48.256920 -1.995444 -5.783596 0.231266 
32.108887 56.967796 -48.454647 -1.451448 -2.547536 0.711442 
32.348141 56.936424 -48.263069 -0.766171 -2.915286 0.693299 
32.911850 59.413410 -48.394978 1.476678 2.665225 -0.764128 
32.670849 59.564209 -48.270447 2.472716 4.948326 -2.724435 
32.894550 59.517242 -48.123726 3.298935 4.548541 -2.670670 
29.785292 56.454967 -43.951504 -5.082309 -1.383631 2.854704 
29.908804 56.168842 -44.010242 -4.119069 -3.600865 2.525642 
30.009832 56.327717 -43.742031 -3.426692 -2.437599 4.178424 
31.771753 56.513145 -44.131016 3.464244 -1.760738 4.913924 
31.944561 56.702019 -44.197136 3.483155 -0.941735 5.105144 
31.714134 56.750870 -44.035019 3.487544 -0.521239 5.168725 
31.184782 56.057945 -44.041328 2.344320 -4.437203 3.687789 
30.992035 55.896282 -44.176136 1.432480 -5.427281 2.681276 
31.253147 55.918194 -44.289585 1.913132 -5.249674 2.673926 
33.403625 58.883480 -44.722263 4.358790 -2.402006 3.815215 
33.406628 58.692261 -44.849049 4.273860 -2.362299 3.948164 
33.511467 58.852345 -44.873341 4.672655 -2.116584 3.613071 
31.787455 56.850506 -47.608429 0.242738 -5.527738 -2.970570 
31.489540 56.883472 -47.666702 -0.315612 -5.423378 -3.147664 
31.681423 56.985085 -47.865246 -0.287601 -5.628582 -2.764039 
31.532784 56.144264 -46.235214 0.732394 -5.677674 -2.566040 
33.358959 59.789520 -46.704281 4.073100 4.742579 -0.465649 
33.052994 59.992123 -46.937279 3.326757 5.227425 -0.823556 
32.811264 60.125542 -46.921150 2.502284 5.690055 -0.554985 
32.966110 60.064358 -46.642506 2.823382 5.571260 -0.008843 
31.870962 57.058109 -48.064785 -0.620795 -5.953017 -1.835197 
31.969999 56.961010 -47.807522 0.202894 -5.788409 -2.410008 
29.743399 59.089680 -46.999519 -5.135502 3.380684 -1.008372 
29.653807 58.855732 -47.151859 -5.516521 2.284248 -1.715309 
29.604803 58.868732 -46.890499 -5.618192 2.598791 -0.808367 
29.511614 57.928368 -46.802586 -5.875413 -1.603783 -1.392341 
29.546717 58.379585 -47.131840 -5.756089 0.031629 -2.330348 
32.662220 60.076111 -45.641743 1.648455 6.039073 0.479202 
32.927094 59.980583 -45.577927 2.451474 5.760327 0.436689 
32.864105 60.035637 -45.840340 2.211860 5.825035 0.652681 
31.682838 56.259689 -46.445065 0.788146 -5.742354 -2.414569 
29.787182 58.548813 -45.420158 -5.442119 1.871792 2.468323 
29.959688 58.653744 -45.166744 -5.092654 2.179284 2.935378 
29.915560 58.817070 -45.388161 -5.135710 2.553528 2.520773 
29.812777 58.774670 -45.571457 -5.309437 2.465877 2.245628 
33.586697 59.582455 -46.654831 4.435746 4.402716 -0.504350 
33.111740 59.335873 -48.223186 1.821864 2.434386 -0.935166 
32.939331 58.634037 -44.483467 3.010722 -2.774521 4.753517 
33.078152 58.829067 -44.447628 3.334852 -2.938083 4.418919 
32.879482 58.855686 -44.302685 2.355173 -2.985204 4.946140 
32.484989 59.910027 -44.315376 -0.706909 4.823642 3.709912 
32.245152 59.810951 -44.306793 -2.364750 3.821677 4.198598 
31.440926 56.102989 -44.167866 2.719427 -4.151387 3.785081 
31.511826 55.966679 -44.403828 2.297462 -5.056551 2.780648 
29.666334 58.341141 -47.368584 -5.451629 -0.355572 -3.026889 
29.628773 58.598465 -47.276581 -5.619366 0.908342 -2.515623 
29.745277 58.551956 -47.503956 -5.269273 0.462044 -3.291985 
32.911385 59.904011 -44.492752 2.838324 5.116381 1.928844 
32.799397 60.009487 -44.714535 2.269177 5.700733 0.761965 
32.643761 60.008564 -44.487297 0.955756 5.565637 2.157005 
32.734554 59.871601 -44.268993 1.238914 4.696072 3.502564 
30.176308 56.070000 -43.865913 -2.173661 -4.444372 3.479112 
32.918060 60.026196 -47.182503 3.094557 5.257390 -1.318438 
33.137791 59.869869 -47.183891 3.736870 4.775697 -1.568703 
32.511486 59.521133 -48.473000 1.282154 5.595001 -1.516160 
32.712585 59.488640 -48.565762 0.779675 3.013752 -0.328427 
32.508724 59.542393 -48.735180 -0.088546 2.924030 -0.279001 
32.583363 56.957764 -48.086655 -0.230727 -3.068501 0.575666 
32.373745 57.017502 -47.973698 -0.450494 -6.052073 0.312086 
31.575985 57.134361 -48.162205 -1.328608 -5.569992 -2.536167 
29.608923 57.671112 -45.398762 -6.092347 0.671602 1.301954 
29.601717 57.420910 -45.304695 -6.195783 0.425819 0.818934 
29.664240 57.622608 -45.140045 -5.900004 1.270025 1.679418 
30.987238 57.122723 -43.704277 1.742000 2.541509 5.405948 
31.005861 56.847179 -43.610580 2.403768 1.041004 5.571421 
31.232317 56.973606 -43.756702 2.772285 1.352867 5.418525 
31.257116 56.327126 -46.649811 -0.137322 -5.628928 -2.773318 
31.026133 56.327549 -46.618137 -0.684480 -5.552572 -2.844224 
29.739120 58.810024 -47.406734 -5.260325 1.781018 -2.740342 
31.557987 56.532547 -43.967205 3.479186 -1.536866 4.940255 
31.609838 56.313339 -44.110344 3.232597 -2.906621 4.484073 
33.003372 59.734898 -44.290760 3.400560 3.912865 3.198259 
33.339039 59.698383 -47.184246 4.094451 4.408893 -1.730055 
33.262558 59.835304 -46.948792 3.920980 4.771459 -1.031173 
32.667538 58.648987 -44.336376 1.893082 -2.531340 5.398967 
32.780186 58.380966 -44.513920 2.880867 -2.164442 5.134243 
30.066908 58.909641 -45.198029 -4.782568 2.818111 2.890614 
30.032251 59.040112 -45.410976 -4.837116 3.168995 2.410672 
30.175400 58.360676 -44.702286 -4.329274 2.025802 4.059917 
30.051702 58.502666 -44.924274 -4.823194 1.989700 3.471082 
29.983589 58.230202 -44.871296 -4.910175 1.960290 3.375408 
29.873529 58.368744 -45.129169 -5.282608 1.769408 2.873743 
31.774643 60.059605 -47.565895 -1.112476 5.653614 -2.460237 
31.577822 60.088394 -47.390469 -1.379496 5.736096 -2.091421 
31.841881 60.173447 -47.282513 -0.854661 5.980686 -1.617206 
32.497673 60.211948 -46.467472 1.149888 6.126417 0.611553 
32.281349 60.218937 -46.291405 0.502393 6.215873 0.682700 
32.544437 60.169640 -46.194603 1.293867 6.090467 0.753905 
33.053223 58.404293 -44.685402 3.573204 -2.307450 4.616344 
33.201706 58.691303 -44.645645 3.782453 -2.659948 4.243501 
33.529663 59.504269 -47.194935 4.313888 4.168659 -1.812348 
33.465336 59.654408 -46.940010 4.283622 4.447370 -1.063588 
31.064331 58.252399 -48.651062 -3.892949 -0.367732 -4.896196 
31.243095 58.038410 -48.765862 -3.966021 -1.036120 -4.733905 
31.023705 57.962776 -48.563450 -3.888457 -1.542307 -4.652053 
30.836678 58.167812 -48.458439 -3.913295 -0.828049 -4.820624 
30.882353 58.460106 -48.511459 -3.825546 0.245809 -4.955643 
31.088142 56.424656 -46.817017 -0.632874 -5.478901 -2.990004 
31.089960 55.766926 -44.793594 0.581270 -6.208275 0.374210 
30.773899 55.753662 -44.638660 0.138745 -6.221387 0.363568 
30.774733 55.762012 -44.966812 -0.328075 -6.210768 -0.567046 
30.455786 55.775898 -44.815392 -1.103527 -6.066147 -0.637068 
29.533365 57.637455 -46.146637 -6.169274 -1.138695 0.045318 
29.591087 57.370556 -46.204865 -6.024063 -1.587303 -0.613776 
29.559587 57.479839 -45.890842 -6.217938 -0.786281 0.089364 
29.530201 57.771950 -45.898132 -6.211803 -0.348804 0.730545 
32.661644 60.147678 -47.179070 1.990117 5.788001 -1.156308 
30.139847 58.769573 -44.966278 -4.566106 2.503130 3.441035 
30.248468 59.010975 -45.033104 -4.346843 3.048331 3.335907 
31.035490 55.804413 -44.459496 1.035729 -5.972452 1.426133 
30.768400 55.800724 -44.327267 0.581794 -5.987006 1.595630 
32.421600 56.224548 -45.228306 3.754521 -4.940210 0.662685 
32.349651 56.174065 -45.492638 3.157970 -5.351994 -0.584150 
32.583160 56.326756 -45.456760 3.661941 -5.047541 0.205356 
30.697298 58.675011 -48.348530 -3.665707 0.963070 -4.973434 
30.843866 58.971176 -48.356262 -3.322863 2.414936 -4.689249 
30.964655 58.749046 -48.527386 -3.528320 1.466946 -4.946443 
31.569090 56.721054 -47.389774 -0.014425 -5.453947 -3.107239 
31.461885 56.794701 -43.865482 3.311163 0.053207 5.288304 
31.634449 56.962749 -43.986061 3.278731 0.600618 5.302524 
31.451393 57.087543 -43.901180 2.851406 1.344485 5.399392 
33.662849 59.450321 -46.950481 4.571008 4.126629 -1.122986 
30.732424 57.224442 -43.713707 0.369245 3.396175 5.227428 
30.755613 56.994034 -43.578358 1.080180 2.411183 5.567754 
32.745243 60.039223 -45.383430 1.925064 5.969160 0.189539 
30.822113 56.271229 -46.443459 -1.228121 -5.493742 -2.753141 
33.079330 59.472004 -47.951756 3.831130 4.243472 -2.544933 
33.303024 59.231956 -48.051994 1.954329 2.201236 -1.008841 
31.231493 57.768890 -48.656895 -3.877913 -2.257660 -4.371876 
32.755714 60.137318 -46.399376 2.003684 5.909714 0.532764 
32.085041 56.856224 -47.563908 0.747063 -5.578408 -2.784330 
31.919788 56.723400 -47.360809 0.573864 -5.483978 -3.001575 
32.342880 59.999561 -44.494438 -1.214430 5.276552 2.767014 
29.571293 57.533585 -46.423462 -5.958693 -1.790855 -0.745040 
29.668575 57.275761 -46.473862 -5.688859 -2.276402 -1.310351 
29.818865 58.074505 -45.059353 -5.428489 1.671632 2.663691 
32.394291 60.115726 -44.974091 0.397450 6.179247 0.448955 
32.095795 60.104252 -45.010555 -0.914638 6.057046 1.093037 
32.207478 60.069641 -44.749596 -1.202787 5.731829 1.826563 
31.359055 56.298153 -43.934441 3.081114 -2.981198 4.486615 
31.089149 56.212086 -43.826530 2.510976 -3.587520 4.405976 
31.867960 56.984818 -44.134872 3.265291 0.251992 5.345791 
33.175644 59.932316 -46.747730 3.591134 5.106059 -0.410115 
32.466259 60.109856 -45.436619 1.144718 6.166522 0.265247 
32.451469 58.372318 -44.369850 1.861045 -1.570720 5.763166 
32.592098 58.953999 -44.167751 0.521634 -2.606840 5.620423 
31.797596 56.328167 -44.234901 3.290077 -2.845728 4.479113 
31.681421 56.150417 -44.294205 2.911154 -3.974310 3.830293 
31.912886 56.231247 -44.397907 3.308631 -3.594218 3.854261 
29.740969 56.321762 -44.209053 -5.464330 -2.364409 1.483511 
29.867840 56.102047 -44.282700 -4.510989 -4.043115 1.262994 
29.742567 56.241352 -44.421795 -5.406544 -2.934316 0.607081 
32.516369 60.083229 -44.724339 0.538570 6.011453 1.084556 
29.708071 58.184502 -45.372856 -5.678670 1.353611 2.295503 
32.241982 56.173916 -45.747952 2.588862 -5.548953 -1.376282 
32.491814 56.296738 -45.721470 2.955544 -5.484035 -0.761799 
33.493576 59.360573 -44.633404 4.802855 0.983424 3.075346 
33.596489 59.265060 -44.831078 5.487444 0.611896 2.329436 
33.475147 59.575836 -44.861870 4.648748 3.601112 1.315811 
33.711197 59.297073 -47.213593 4.549798 3.945974 -1.740833 
33.571384 59.315956 -47.468540 4.171309 4.046694 -2.364293 
29.686821 57.114273 -46.269230 -5.655908 -2.369210 -1.250055 
29.617603 57.191368 -46.012718 -6.010840 -1.594623 -0.696334 
30.034122 58.925583 -47.736519 -4.111352 2.240207 -4.079067 
29.891081 59.009743 -47.516315 -4.572284 2.724158 -3.103136 
30.090105 59.197254 -47.579441 -3.822863 3.628552 -3.289314 
29.543200 58.633644 -47.021236 -5.830854 1.475820 -1.552860 
30.628735 58.087460 -48.270473 -3.827629 -1.255219 -4.806088 
30.668108 58.357517 -48.342880 -3.837363 -0.241438 -4.953569 
32.568565 60.085224 -45.183666 1.391671 6.115656 0.051732 
30.332087 56.456593 -46.445744 -2.823543 -4.973759 -2.548740 
30.270750 56.379040 -46.210766 -3.068908 -4.929980 -2.348767 
30.145523 56.520275 -46.323429 -3.616498 -4.575669 -2.279217 
31.388103 57.039192 -47.910145 -0.935084 -5.329763 -3.175772 
31.270187 57.208256 -48.133282 -1.953732 -4.889931 -3.383408 
29.593546 57.214725 -45.744122 -6.190307 -0.963299 -0.239792 
29.573078 57.454338 -45.575386 -6.242917 -0.145052 0.464280 
31.887589 59.395939 -48.656277 -2.151044 4.490366 -3.794924 
31.620327 59.399651 -48.490654 -2.307517 4.329500 -3.916495 
31.768545 59.564728 -48.376507 -1.872509 4.774119 -3.610546 
33.456955 59.112206 -44.647594 4.750228 -1.560655 3.665317 
33.000214 59.935852 -45.328060 2.710565 5.655789 0.196052 
32.835655 60.003025 -45.142181 2.267781 5.847353 0.105631 
32.679367 60.057220 -44.943737 1.755099 6.002865 0.140882 
29.713737 56.957748 -46.079945 -5.581711 -2.504016 -1.356666 
29.818510 56.882256 -46.308777 -5.103346 -3.196719 -1.717258 
32.121738 56.192661 -45.979370 2.026614 -5.665292 -1.797443 
31.982172 56.067101 -45.772057 2.028497 -5.657636 -1.749225 
30.937075 57.364418 -43.829605 0.895167 3.063177 5.386993 
30.668367 57.450371 -43.872265 -0.519987 3.511095 5.152045 
30.703869 56.164082 -46.160709 -1.597170 -5.473562 -2.604503 
30.520029 56.307549 -46.325039 -2.160332 -5.291236 -2.571620 
29.879429 56.264339 -45.343876 -4.455720 -3.886457 -1.951211 
29.831421 56.191242 -45.079971 -4.627944 -3.810198 -1.417017 
29.699181 56.471558 -45.204319 -5.561856 -2.444544 -1.220510 
32.808243 60.087379 -46.115494 2.057124 5.878829 0.699013 
30.247597 58.619507 -44.749149 -4.173588 2.193263 4.100080 
32.362297 58.718334 -44.247402 0.435019 -1.834163 5.963287 
29.508942 58.662643 -46.759533 -5.921204 1.887786 -0.442612 
32.972229 56.610935 -45.672722 4.094845 -4.634928 0.833670 
32.373692 60.144535 -45.709110 0.894376 6.186765 0.525222 
32.145187 57.029972 -48.014328 -0.623230 -6.077013 -0.698340 
33.961872 58.327229 -45.742729 5.473076 -1.004686 2.870113 
33.895962 58.515606 -45.563904 5.358303 -0.800474 3.123743 
33.815788 58.265068 -45.529949 4.989568 -1.416755 3.519218 
31.109440 57.113468 -47.923985 -1.695129 -4.782430 -3.665398 
31.030113 57.307037 -48.099735 -2.579854 -4.173608 -3.908584 
30.931950 56.028599 -43.935364 1.684945 -4.715546 3.689085 
30.693129 56.030048 -43.852993 0.748545 -4.801495 3.863528 
30.747763 55.899021 -44.066509 0.814604 -5.453067 2.875502 
31.224819 57.275669 -43.864899 2.016331 2.263677 5.480496 
32.025112 59.579708 -48.469208 -1.150008 5.026722 -3.552896 
29.462233 57.963680 -46.523289 -6.116757 -1.177171 -0.327528 
29.703844 58.648327 -45.712025 -5.572776 2.039509 2.000034 
29.594971 58.499966 -45.905033 -5.792663 1.619726 1.774162 
29.644747 58.373863 -45.652985 -5.762498 1.394184 2.039701 
31.181154 59.381393 -48.250378 -2.499548 4.161860 -3.975099 
31.237274 59.217842 -48.443256 -2.685641 3.640186 -4.334321 
31.008108 59.201977 -48.309189 -2.880939 3.523389 -4.302137 
33.345814 59.564667 -44.568558 4.434635 2.937019 2.845115 
29.725365 57.714592 -47.177185 -5.176043 -2.211584 -2.719746 
29.860201 57.803814 -47.451675 -4.703590 -2.153224 -3.511545 
29.892227 57.522682 -47.291656 -4.626544 -2.682571 -3.249330 
30.984098 56.129116 -46.212410 -0.732484 -5.626211 -2.659473 
31.930550 57.093254 -48.446251 -3.044743 -5.432238 0.435282 
31.808622 57.136875 -48.321003 -1.801925 -5.853490 -1.193044 
31.792261 57.174587 -48.544258 -3.414670 -5.159537 -0.792008 
31.887224 57.092987 -48.654121 -1.954837 -2.274783 0.003357 
29.622190 57.691536 -46.908173 -5.586483 -2.099936 -1.898262 
29.765486 57.474709 -47.034546 -5.132442 -2.575572 -2.474091 
29.665504 57.437267 -46.727386 -5.564543 -2.333729 -1.647319 
31.092167 59.008022 -48.502483 -3.081299 2.714101 -4.712379 
31.019236 55.924534 -45.729050 -0.475482 -5.872743 -2.149040 
31.026356 55.822704 -45.426849 -0.297745 -6.050819 -1.524300 
30.775808 55.890743 -45.552315 -1.045186 -5.847512 -1.980204 
29.446739 58.454430 -46.585224 -6.087621 1.085151 0.102188 
31.215797 56.693207 -43.713688 3.090112 -0.235220 5.388874 
32.594917 60.120251 -45.914986 1.442379 6.071184 0.704884 
30.369635 58.880920 -44.789272 -3.855919 2.757892 4.072153 
32.294491 59.435982 -48.875969 -1.077392 2.559857 -1.305999 
32.293747 59.548141 -48.541431 0.002287 5.623808 -2.550202 
31.199745 56.939499 -47.710579 -1.011753 -5.191453 -3.352694 
30.918707 57.033279 -47.729984 -1.867853 -4.765946 -3.597626 
31.138792 56.021832 -46.000751 -0.257943 -5.779226 -2.414013 
33.060265 59.967758 -46.039383 2.902011 5.524971 0.619790 
31.313318 55.948269 -45.815212 0.246997 -5.877849 -2.158879 
31.279961 55.859959 -45.566246 0.280642 -5.987851 -1.764432 
30.829996 59.160675 -44.650272 -2.591076 3.227793 4.694469 
30.595709 59.040730 -44.713127 -3.151879 3.019882 4.479894 
30.763798 58.916370 -44.540257 -2.569400 2.643352 5.062648 
32.279331 60.130039 -45.224564 0.338989 6.239588 0.323431 
32.888554 57.141281 -44.935356 4.498353 -1.329853 4.155590 
32.791813 57.391155 -44.785503 4.153893 -0.830778 4.632582 
32.665619 57.151764 -44.709835 4.235032 -0.854640 4.541075 
30.997393 56.839123 -47.478329 -1.330221 -5.147806 -3.322260 
30.939577 56.676662 -47.198826 -1.215025 -5.214606 -3.270984 
30.694464 56.822090 -47.309166 -1.919311 -4.891631 -3.414596 
29.794224 57.034843 -46.514870 -5.189452 -3.004057 -1.783561 
32.510117 56.946728 -44.599903 4.262214 -0.908802 4.492009 
32.442135 57.194225 -44.516590 3.848542 -0.312162 4.946775 
32.302071 57.025806 -44.415939 3.763004 -0.297148 5.002845 
32.335350 56.393528 -46.468731 1.640186 -5.756441 -1.841552 
32.416759 56.356335 -46.229221 1.896738 -5.825576 -1.372959 
32.213295 56.290752 -46.208202 1.678426 -5.821484 -1.650402 
31.360752 56.437592 -46.874660 -0.120042 -5.561613 -2.901725 
31.531858 56.342846 -46.671043 0.326449 -5.700643 -2.609407 
31.627293 57.245087 -48.474789 -2.722020 -5.224930 -2.095821 
29.918240 57.962543 -44.799297 -5.014441 2.105985 3.108124 
32.312553 60.184093 -46.000999 0.665559 6.193417 0.706028 
30.719341 59.706749 -45.446068 -3.015309 5.071308 2.079340 
30.840004 59.855057 -45.697918 -2.703808 5.460155 1.438888 
30.521164 59.675091 -45.710728 -3.402188 5.011254 1.559982 
31.154243 57.407143 -48.305084 -2.960531 -4.050141 -3.744353 
30.365362 56.565304 -46.681568 -2.693859 -4.915014 -2.791059 
30.397303 56.691673 -46.920795 -2.553018 -4.825243 -3.065764 
30.617212 56.539158 -46.828686 -1.872262 -5.135606 -3.066172 
33.944344 58.785088 -45.623661 5.674135 0.423382 2.479952 
34.024731 58.845158 -45.879532 5.869234 1.327479 1.464779 
33.919746 59.053978 -45.725471 5.602569 2.162483 1.553364 
30.663145 59.269588 -44.839653 -3.051258 3.699220 3.986764 
33.844433 58.998341 -45.455849 5.656796 1.078208 2.259400 
33.466850 59.704391 -46.164074 4.074176 4.748945 0.330922 
29.967567 58.344971 -47.782173 -4.441772 -0.534156 -4.336394 
30.155373 58.119930 -47.908924 -4.020202 -1.278941 -4.604188 
29.920530 58.072029 -47.662651 -4.560178 -1.482661 -3.987907 
32.682522 57.641090 -44.658245 3.726865 -0.790973 4.991362 
32.904430 57.626720 -44.841251 4.064998 -1.054450 4.670722 
32.558544 57.412483 -44.590637 3.779570 -0.462350 4.991100 
32.816711 57.008514 -47.918404 0.366841 -3.110396 0.252399 
32.528980 57.001740 -47.762623 0.557822 -6.096247 -0.719516 
33.232788 59.803448 -45.261261 3.480063 5.210442 0.191615 
33.273384 59.765877 -45.010635 3.660828 5.039227 0.493923 
33.447170 59.632839 -45.174500 4.364497 4.454328 0.305447 
33.511608 57.381851 -45.601688 4.814478 -2.465352 3.153788 
33.313236 57.239521 -45.415825 4.779698 -2.231042 3.377647 
33.423409 57.170334 -45.653358 4.873676 -2.962630 2.588862 
33.562107 57.248260 -45.831879 4.924044 -3.190714 2.156947 
30.834003 59.772362 -47.483356 -2.508472 5.078522 -2.658147 
30.886398 59.891735 -47.262207 -2.446937 5.440691 -1.902593 
31.122202 59.926987 -47.420052 -2.136058 5.396364 -2.358253 
33.738449 59.217987 -45.283848 5.685425 1.777941 1.471299 
33.712719 58.905079 -45.181904 5.553429 -0.583014 2.795554 
31.712534 55.884209 -45.312893 1.743389 -5.981784 -0.723694 
31.773771 55.887978 -45.096046 2.062672 -5.889403 0.174734 
31.531374 55.820053 -45.179626 1.276017 -6.092840 -0.366216 
30.080919 55.974705 -44.136864 -2.999729 -4.956624 2.107185 
29.822388 56.131012 -44.803917 -4.748394 -3.901733 -0.681662 
30.001274 55.948811 -44.688171 -3.674284 -4.976616 -0.495551 
29.839504 56.091003 -44.539799 -4.692319 -4.040971 0.118609 
32.968342 56.910820 -45.133461 4.711004 -2.382876 3.299509 
31.525381 55.924755 -45.677464 0.952716 -5.918890 -1.846078 
32.060719 59.873672 -48.022030 -0.745619 5.438307 -3.017446 
32.327900 59.859753 -48.068527 0.600719 5.348383 -3.132291 
32.173580 59.740459 -48.289665 -0.181023 5.146073 -3.379506 
33.096012 59.035954 -44.328064 3.526212 -2.435056 4.518720 
33.265518 58.958141 -44.525211 4.025723 -2.411825 4.134968 
32.543587 60.217491 -46.915688 1.395560 6.052870 -0.458654 
29.604382 56.827534 -44.935757 -6.246949 -0.226574 0.097496 
29.632545 56.603729 -44.990597 -6.093537 -1.300607 -0.440320 
29.626038 56.600697 -44.721237 -6.163653 -0.903706 0.122097 
31.176397 56.436367 -43.746025 3.014975 -2.007196 5.056325 
31.969900 56.456657 -44.293140 3.544090 -2.240220 4.623116 
29.929972 57.585800 -44.470005 -4.627074 2.927932 3.012182 
30.033552 57.845360 -44.561203 -4.429461 2.634021 3.574988 
29.850660 57.701740 -44.723179 -5.203340 2.281793 2.639171 
31.363855 56.547756 -43.827930 3.359246 -1.330952 5.070622 
31.699238 59.246601 -48.695808 -2.550728 3.889606 -4.210145 
31.565992 55.882961 -44.662819 1.967465 -5.668659 1.673888 
31.767521 56.029694 -44.518547 2.713243 -4.841268 2.767356 
31.402018 56.040310 -46.032658 0.448538 -5.760047 -2.439560 
33.143597 59.745415 -44.521244 3.861945 4.349032 2.126681 
33.101501 57.178806 -45.166634 4.693578 -1.744095 3.761883 
33.720917 57.374962 -46.029354 5.028051 -3.305017 1.708221 
33.685177 57.495975 -45.786900 4.961316 -2.650938 2.736258 
29.691763 56.373009 -44.910046 -5.672207 -2.412379 -0.613092 
29.698147 57.925365 -47.275234 -5.259307 -1.718012 -2.910531 
33.284016 58.461201 -44.858799 4.028622 -2.253627 4.259419 
30.457424 59.730885 -47.068558 -3.136996 5.231321 -1.344318 
30.642807 59.764492 -47.281921 -2.819111 5.204274 -2.029878 
30.381262 59.590359 -47.324917 -3.259535 4.830636 -2.252976 
30.694426 56.990208 -47.541882 -2.261734 -4.637534 -3.543269 
33.812679 58.707390 -45.385567 5.338743 -0.532234 3.207639 
33.002216 57.398499 -44.986336 4.388393 -1.181537 4.333391 
33.607742 57.640945 -45.565887 4.729320 -2.109777 3.537632 
32.020607 56.122410 -44.626701 3.232230 -4.461532 2.793731 
30.766117 59.907677 -47.003483 -2.612876 5.580009 -1.044712 
32.889927 56.902191 -47.204178 2.187697 -5.368682 -2.411282 
33.078266 57.015591 -47.302029 2.233375 -5.559498 -1.875332 
33.075573 56.926323 -47.077026 2.643344 -5.282676 -2.123133 
31.837822 55.950397 -44.810898 2.463122 -5.535157 1.435975 
30.775158 55.810345 -45.276752 -0.795472 -6.048738 -1.344443 
30.533026 55.906124 -45.426487 -1.716390 -5.702470 -1.923159 
32.726765 56.854546 -44.858906 4.567197 -1.889845 3.803979 
31.848959 58.869671 -44.256943 -0.736302 0.023741 6.233164 
31.645216 58.765640 -44.267494 -0.440285 0.646166 6.223970 
31.871338 58.636875 -44.258022 0.035983 -0.101617 6.273472 
31.547131 59.976433 -47.622162 -1.553881 5.412058 -2.760938 
30.574596 59.600792 -47.531406 -2.916589 4.730210 -2.880982 
31.644794 56.072338 -46.028694 1.110043 -5.700209 -2.372495 
30.782776 59.188885 -48.163712 -3.049072 3.419747 -4.268139 
31.570244 60.161972 -47.131828 -1.313741 5.980169 -1.275376 
31.162874 56.548107 -47.048782 -0.621524 -5.401452 -3.135018 
31.461130 56.566154 -47.115028 -0.091758 -5.484490 -3.049862 
31.936192 55.954056 -45.302197 2.240845 -5.814475 -0.465231 
32.189861 56.067200 -45.270184 3.023145 -5.441554 0.024439 
32.091072 56.046043 -45.524654 2.465250 -5.642558 -1.049055 
30.026348 55.926392 -44.412682 -3.446411 -5.010244 0.719564 
30.228828 55.813740 -44.583866 -2.071184 -5.777348 -0.033562 
29.771332 57.187408 -46.686584 -5.259706 -2.810070 -1.915142 
33.698700 59.039444 -47.703007 2.183490 2.004837 -1.191179 
33.502571 59.141724 -47.877560 1.961768 2.224029 -1.101203 
33.505928 59.235291 -47.692505 3.934585 4.185373 -2.538789 
30.973244 59.965168 -45.953697 -2.331857 5.742642 0.973683 
30.694378 59.840012 -45.964886 -2.900097 5.450839 1.062831 
30.208057 59.548985 -47.106503 -3.750337 4.781335 -1.447192 
31.389864 59.386345 -48.372730 -2.352987 4.236630 -3.984185 
31.970726 59.025040 -49.031548 -1.420483 1.557092 -2.357039 
31.834827 58.783363 -49.081028 -1.508964 1.159536 -2.536734 
31.732258 58.979637 -48.916142 -2.838692 2.898534 -4.790598 
33.205574 57.454727 -45.181709 4.511767 -1.559927 4.076060 
32.132999 58.518478 -44.278244 0.639744 -0.884157 6.171113 
30.883438 56.536961 -46.954311 -1.202673 -5.277298 -3.164607 
29.960094 56.810555 -46.538784 -4.466260 -3.811738 -2.137931 
29.981768 56.672886 -46.321007 -4.378154 -3.970127 -2.071523 
29.801933 59.064068 -47.270618 -4.974171 3.171007 -1.931396 
31.307962 55.839561 -44.562061 1.443944 -5.870818 1.565379 
33.936222 59.160751 -46.247234 5.380665 3.167138 0.329083 
33.821114 59.308014 -46.052013 5.077353 3.650647 0.468673 
33.952526 59.089893 -45.986458 5.562379 2.721383 0.743847 
29.680653 56.595715 -44.195446 -5.950361 -0.448746 1.550999 
30.442278 59.135952 -44.911068 -3.742968 3.313639 3.726190 
30.340590 59.207546 -45.106110 -4.108722 3.596037 3.040693 
30.008249 55.995277 -44.947872 -3.606993 -4.911087 -1.300445 
29.996584 58.629723 -47.802170 -4.330601 0.835229 -4.402101 
30.186005 58.782089 -47.932747 -3.875117 1.543473 -4.631315 
32.431950 59.683929 -48.299839 1.747982 4.871707 -3.465081 
32.245487 56.965645 -47.768551 0.581223 -5.932910 -1.934172 
29.954311 59.318817 -47.116814 -4.420503 4.171597 -1.371875 
32.676220 60.183590 -46.671799 1.912406 5.946943 0.159699 
31.129223 58.539421 -48.692368 -3.703174 0.773276 -4.983685 
32.162735 60.150906 -45.486553 0.198483 6.245362 0.432179 
32.881638 56.525890 -45.945595 3.394419 -5.235084 -0.218572 
33.159481 56.730766 -45.970200 4.061915 -4.693870 0.345136 
32.123455 59.246166 -48.964394 -1.344006 2.015218 -2.011724 
32.122341 59.452019 -48.706917 -1.662708 5.137383 -3.107522 
33.488476 57.209274 -47.446548 1.523756 -2.815344 -0.361982 
33.231953 57.109371 -47.408817 2.113095 -5.785990 -0.953118 
33.271164 57.122303 -47.594158 0.955615 -3.027810 -0.001610 
31.568853 55.834187 -44.924026 1.636213 -5.985367 0.611098 
33.014088 60.024418 -46.321304 2.814891 5.567575 0.453656 
33.567642 57.138882 -46.088509 4.782108 -3.884224 1.007751 
33.721214 57.290512 -46.287090 4.861975 -3.877739 0.668109 
31.650568 56.458664 -46.904510 0.332228 -5.619017 -2.772748 
29.989426 59.421719 -46.604916 -4.382471 4.450371 0.170296 
30.085060 59.487129 -46.372662 -4.187133 4.592494 0.711489 
30.250885 59.643173 -46.618149 -3.702711 5.036510 0.087741 
29.943335 56.981567 -46.787380 -4.527585 -3.539758 -2.424841 
33.069252 59.894203 -45.094501 2.966550 5.520701 0.239567 
31.771019 56.588520 -47.138680 0.411509 -5.517134 -2.964628 
30.501982 57.610043 -44.024166 -1.792445 3.497621 4.879468 
30.387821 57.418945 -43.914993 -1.843732 3.848429 4.574230 
29.608032 56.956955 -45.337303 -6.221407 -0.655103 -0.344937 
29.602863 56.967728 -45.115494 -6.270129 -0.115512 0.047808 
29.600416 57.176353 -45.201347 -6.255695 0.155687 0.363813 
31.644016 58.223660 -49.100117 -1.872984 0.101747 -2.567250 
31.527977 58.472271 -48.985744 -3.516428 0.927079 -5.112914 
31.720327 58.517689 -49.108528 -1.707639 0.680977 -2.598222 
29.620098 56.754601 -45.169418 -6.151165 -1.001106 -0.513709 
31.239050 56.684380 -47.296394 -0.615752 -5.362578 -3.198226 
31.976419 60.124657 -45.259483 -0.760946 6.143186 0.836624 
31.527008 59.537418 -48.273922 -2.098466 4.622303 -3.697123 
32.220871 56.751236 -47.327465 1.118434 -5.455430 -2.895685 
31.334261 59.503269 -48.203690 -2.229679 4.505624 -3.765799 
31.334536 58.322308 -48.866085 -3.791209 0.150923 -4.977883 
31.374184 58.618488 -48.854729 -3.457366 1.313522 -5.035645 
29.962862 59.210484 -47.374134 -4.332887 3.830498 -2.325546 
33.008434 59.877396 -47.430569 3.638276 4.663050 -2.042852 
32.029697 60.173935 -45.791767 -0.082887 6.244607 0.592441 
31.844292 60.136608 -45.509106 -0.787749 6.171645 0.730094 
29.696127 59.057674 -46.733921 -5.278731 3.338601 -0.114503 
30.906164 59.388954 -44.790230 -2.557960 3.945106 4.125401 
31.656353 57.182667 -44.042767 2.954468 1.148517 5.419465 
30.987209 56.346485 -43.682602 2.388757 -2.672697 5.061500 
30.856728 56.186424 -43.737755 1.625659 -3.858895 4.576289 
31.314436 55.784130 -45.017849 0.744334 -6.213203 -0.019433 
31.939743 56.491177 -46.915016 0.737701 -5.621989 -2.686825 
31.822813 56.372555 -46.678638 0.714502 -5.755702 -2.399647 
29.744814 58.092083 -47.436565 -5.126612 -1.282302 -3.318291 
30.267254 57.551037 -44.096512 -2.800912 3.688003 4.224404 
32.527103 60.122189 -47.435417 1.435362 5.798730 -1.782789 
32.351582 60.218136 -47.179428 0.673260 6.083705 -1.091985 
31.645472 58.493866 -44.243980 0.291834 0.521930 6.249016 
31.473513 59.235363 -48.567791 -2.585338 3.788831 -4.280751 
30.081757 59.496506 -46.859253 -4.119032 4.658564 -0.593493 
32.453251 60.238113 -46.692940 0.964010 6.168358 0.180208 
31.280418 57.519581 -48.531349 -3.454632 -3.541186 -3.810135 
31.029547 57.657574 -48.419823 -3.577230 -2.808014 -4.293056 
31.299776 56.807014 -47.511639 -0.598337 -5.372921 -3.189887 
33.296089 59.816147 -45.968079 3.578023 5.120769 0.560779 
33.032612 59.879868 -44.720001 3.267411 5.247714 0.971629 
31.692385 59.026321 -44.291359 -1.346595 0.930455 6.047666 
29.533363 58.710239 -46.507717 -5.809255 2.245811 0.578715 
31.038668 59.864357 -45.420059 -2.528074 5.371772 1.971634 
33.623058 59.401443 -45.088676 5.395716 2.721221 1.063365 
30.323292 56.046173 -45.576077 -2.606241 -5.231813 -2.236060 
30.091385 56.136955 -45.465466 -3.445380 -4.734738 -2.201425 
30.138699 56.224583 -45.715862 -3.430682 -4.688064 -2.336877 
30.517292 59.343803 -45.058155 -3.520379 4.077614 3.166093 
30.240673 57.983139 -44.436691 -3.783815 2.596692 4.277778 
30.179358 57.724072 -44.311630 -3.605685 3.191313 4.011319 
30.400036 57.898106 -44.267647 -2.964230 2.787353 4.775608 
29.861364 58.742901 -47.623260 -4.782122 1.371484 -3.732528 
29.862768 58.515564 -47.671406 -4.810288 0.240511 -3.954334 
31.933340 59.986198 -47.777351 -0.902563 5.509587 -2.849091 
32.220749 60.013634 -47.780670 -0.069150 5.617385 -2.752211 
34.135513 57.959114 -47.119305 3.219695 -0.882737 -0.334154 
34.172134 58.242134 -47.155792 3.311912 -0.124869 -0.478355 
34.177803 58.060772 -46.921173 6.104553 -1.231158 -0.417784 
33.688438 57.340977 -47.322544 1.897322 -2.564493 -0.160101 
33.617775 57.284580 -47.189163 3.797263 -4.961662 -0.541965 
34.077019 58.412052 -45.978191 5.900268 -0.374494 2.003837 
34.017738 58.589088 -45.791687 5.779005 -0.123502 2.323001 
32.927006 59.957031 -44.920452 2.713099 5.646416 0.294172 
29.681435 57.020130 -44.430275 -5.872118 1.557351 1.404758 
29.771820 57.086613 -44.222382 -5.250954 2.456556 2.279040 
29.803501 57.296452 -44.386993 -5.118844 2.644276 2.362452 
30.886974 57.555775 -43.933262 0.256246 3.059680 5.470851 
30.659012 56.674717 -47.067535 -1.818582 -5.040391 -3.261572 
30.433573 56.829079 -47.153866 -2.554681 -4.597122 -3.381481 
30.456781 57.161419 -47.566109 -3.139930 -3.926574 -3.731371 
30.457888 56.986641 -47.367405 -2.789717 -4.311817 -3.588986 
32.133198 57.617382 -44.330574 2.645391 0.191907 5.689723 
31.897499 57.534702 -44.219608 2.456982 0.735610 5.733582 
32.098293 57.367161 -44.295094 2.961899 0.422831 5.517724 
32.071720 56.616901 -47.122906 0.908535 -5.510956 -2.867183 
32.381779 56.653202 -47.065361 1.465534 -5.480517 -2.679205 
33.232933 57.061714 -47.237446 2.319797 -5.584502 -1.674085 
33.069759 56.814369 -46.807262 3.000624 -5.203416 -1.783205 
33.303936 57.019264 -46.981117 3.215595 -5.185703 -1.443283 
33.113445 59.908684 -45.771641 3.050960 5.452339 0.565375 
32.881317 59.093742 -44.156837 2.307706 -2.696982 5.045778 
33.655190 58.203930 -45.357052 4.577026 -1.689448 3.954504 
33.740799 58.439644 -45.359501 4.876673 -1.369601 3.687313 
30.275713 55.828358 -44.287289 -1.665892 -5.659100 1.453868 
30.436668 58.695316 -44.625973 -3.460965 2.359568 4.650050 
30.186277 56.871746 -46.992252 -3.457667 -4.178179 -3.053439 
32.643593 60.003178 -47.662540 2.101231 5.354954 -2.358465 
32.432720 60.060303 -47.650513 0.879996 5.685211 -2.443410 
32.490555 59.949989 -47.865234 1.211763 5.366005 -2.904005 
31.610342 57.916344 -49.055798 -2.028807 -0.499899 -2.391702 
31.443546 58.070015 -48.938694 -3.954622 -0.615431 -4.821176 
29.663115 56.697720 -45.418720 -5.846909 -1.814106 -1.133511 
31.238369 59.714512 -47.871239 -2.103417 4.867189 -3.358097 
31.183014 59.542931 -48.066513 -2.300209 4.540012 -3.673138 
30.989891 59.576683 -47.897758 -2.435779 4.590297 -3.515740 
32.781197 60.030960 -47.431839 2.709452 5.292197 -1.825269 
30.393309 58.477726 -44.557510 -3.555788 2.117621 4.701565 
29.592590 57.195133 -45.467239 -6.253435 -0.446434 0.039382 
32.979092 56.618668 -46.221699 3.317430 -5.258308 -0.740557 
31.371328 55.806629 -44.789806 1.167464 -6.081482 0.848286 
29.913630 59.316910 -46.418007 -4.677741 4.109183 0.721766 
33.208454 59.710789 -47.414192 3.975900 4.302037 -2.235854 
29.636101 57.374321 -45.049358 -6.055353 1.050828 1.173855 
32.254963 60.248856 -46.570194 0.325225 6.244274 0.402676 
31.912302 59.727299 -48.214024 -1.425073 5.118973 -3.329210 
31.801561 59.849220 -47.964535 -1.386780 5.241473 -3.165540 
32.020077 55.992199 -45.055496 2.730766 -5.583492 0.570569 
32.276436 60.141918 -47.490032 0.277111 5.869275 -2.060878 
30.750921 59.478439 -45.002918 -2.931283 4.404202 3.325729 
30.609177 59.532207 -45.237301 -3.293563 4.620610 2.641097 
31.973721 59.100471 -44.228626 -1.617114 0.033312 6.043648 
29.726788 57.549709 -44.896881 -5.694996 1.807543 1.926752 
29.676220 57.339752 -44.834919 -5.880855 1.600016 1.437958 
29.768970 57.446419 -44.659370 -5.460621 2.285489 2.066330 
30.763474 55.975815 -45.770504 -1.188655 -5.715815 -2.285155 
31.346792 59.043522 -48.638485 -2.932182 3.022226 -4.642328 
32.356651 56.893330 -47.534527 1.157399 -5.640330 -2.485809 
32.489166 56.814770 -47.315838 1.517229 -5.421369 -2.788281 
30.148712 56.618015 -46.515804 -3.608490 -4.508857 -2.414947 
30.153051 56.740555 -46.749954 -3.565763 -4.377685 -2.638574 
33.087292 59.668236 -47.678112 3.969785 4.068317 -2.654640 
32.867802 59.872334 -47.669605 3.394308 4.644890 -2.418828 
30.506035 55.768936 -44.471107 -0.473139 -6.153876 0.637130 
31.366096 59.409515 -44.564621 -2.409669 3.319760 4.736915 
31.254473 59.132484 -44.444118 -1.913466 2.607653 5.352565 
31.518206 59.208881 -44.387615 -2.000164 2.166523 5.516693 
33.864273 58.043739 -45.693703 5.088754 -1.643608 3.239259 
33.729485 58.080154 -45.499905 4.731714 -1.683456 3.771760 
30.028839 57.084785 -47.055946 -4.184893 -3.537760 -3.005870 
31.081270 59.276363 -44.604347 -2.292901 3.377096 4.749984 
29.638302 56.928738 -45.634010 -5.996687 -1.532490 -0.806805 
33.512047 59.637276 -45.903431 4.193655 4.628828 0.556278 
33.346100 59.749493 -45.705574 3.767378 4.991316 0.517363 
33.562260 59.555325 -45.643417 4.484514 4.333579 0.605196 
32.201862 59.557106 -44.182583 -2.736500 1.878466 5.234678 
32.008816 59.645428 -44.338734 -2.899785 2.919315 4.675773 
31.992186 59.400135 -44.248749 -2.559046 1.309584 5.538443 
29.808407 59.210361 -46.564281 -4.986421 3.761908 0.364368 
30.342035 55.921741 -44.032070 -1.181914 -5.361807 2.850475 
29.698250 56.867844 -44.206543 -5.775461 1.245938 1.819445 
29.635900 56.742523 -44.443832 -6.159640 0.165482 0.830994 
32.248444 56.134777 -45.020115 3.564456 -4.999471 1.128220 
32.086067 56.065140 -44.848557 3.168793 -5.082954 1.606907 
29.918543 56.883518 -43.819885 -4.330004 1.989460 3.916046 
30.114183 56.886723 -43.641716 -3.061746 1.962070 4.797424 
30.058823 57.114586 -43.844746 -3.452900 3.264062 3.980376 
32.198986 59.288559 -44.147587 -2.215481 -0.075264 5.826174 
30.372229 56.135105 -45.824993 -2.599681 -5.153728 -2.432891 
30.559307 55.993294 -45.679623 -1.848403 -5.545275 -2.252877 
33.206444 56.786385 -46.319321 3.729009 -4.992020 -0.599783 
33.973526 57.600014 -47.018265 5.108135 -3.607170 -0.365814 
33.876400 57.493252 -47.212490 2.382177 -2.272178 -0.235523 
34.031227 57.705265 -47.141640 2.888889 -1.625583 -0.268788 
30.965519 57.482182 -48.229034 -3.157147 -3.616348 -4.036704 
29.601501 57.917912 -47.063522 -5.583246 -1.699741 -2.268697 
32.444653 56.312004 -44.965183 4.199611 -4.146424 1.903936 
33.784939 59.354584 -46.718975 4.830641 3.946442 -0.623681 
33.263618 59.554447 -47.581520 4.069139 3.961038 -2.675419 
30.455158 57.360306 -47.751907 -3.411604 -3.385698 -4.019114 
30.665852 57.178535 -47.750435 -2.720453 -4.081467 -3.867651 
31.655592 59.698296 -48.129181 -1.788075 4.957255 -3.411608 
30.834608 56.410313 -46.713741 -1.234193 -5.388977 -2.960494 
31.154993 59.501736 -44.757019 -2.449160 4.014863 4.150872 
31.399483 58.362038 -44.214317 0.186187 1.026845 6.185556 
31.651817 58.203991 -44.220356 0.917412 0.573686 6.184012 
30.976343 58.757339 -44.376984 -1.906167 2.202486 5.541289 
31.169060 58.542866 -44.258907 -0.842716 1.566539 5.994646 
31.226330 58.760757 -44.309875 -1.172512 1.769193 5.884977 
30.577709 56.412159 -46.581726 -1.957663 -5.251325 -2.787123 
30.238575 55.891373 -45.048122 -2.406209 -5.540230 -1.529229 
30.505754 55.829510 -45.146290 -1.444331 -5.903385 -1.417318 
30.177523 55.863373 -44.821625 -2.562615 -5.563998 -1.004171 
31.876778 57.278584 -44.172421 2.803787 0.764663 5.564635 
32.038258 60.207458 -46.122372 -0.068538 6.241679 0.663611 
30.805279 57.629131 -48.220581 -3.494616 -2.843481 -4.336366 
31.041040 59.755390 -47.676769 -2.279062 4.972158 -3.068630 
30.062159 57.557552 -47.529152 -4.171597 -2.760238 -3.765207 
30.077837 57.338337 -47.364429 -4.048189 -3.166955 -3.592610 
30.282003 59.126511 -47.834743 -3.519346 3.136492 -4.036796 
29.805470 58.315701 -47.583271 -5.018550 -0.604796 -3.671082 
33.839741 59.225296 -46.981659 4.897359 3.746168 -1.131224 
29.842754 56.736618 -46.109417 -4.952920 -3.367215 -1.810116 
29.616392 58.131226 -47.213440 -5.553738 -1.057411 -2.700727 
32.073776 58.810703 -44.235912 -0.511450 -0.811155 6.193915 
33.411510 57.547974 -45.374435 4.557418 -1.889131 3.878817 
30.323456 59.399078 -47.575397 -3.315972 4.273634 -3.139007 
30.141262 59.395439 -47.355492 -3.773684 4.391894 -2.308312 
31.882271 56.117851 -45.996387 1.623138 -5.651836 -2.194091 
29.766943 56.745815 -43.965122 -5.284236 0.770859 2.891812 
30.085024 57.813725 -47.716557 -4.179038 -2.175802 -4.116867 
29.939306 57.297325 -47.155121 -4.522737 -3.046339 -3.070941 
30.866606 59.667393 -45.192558 -2.792977 4.910452 2.712354 
33.107555 57.077309 -47.494900 1.934407 -5.900192 -0.613832 
33.046452 57.062111 -47.753590 0.687825 -3.070865 -0.054498 
33.703613 59.432827 -45.854084 4.788079 3.982871 0.675157 
31.907547 58.063572 -44.263729 1.493077 0.133760 6.096642 
31.915581 57.787823 -44.254284 2.041182 0.431152 5.922014 
32.156158 57.900566 -44.337597 2.178985 -0.222155 5.880115 
29.775070 56.607204 -45.687119 -5.222032 -2.942594 -1.707834 
32.275249 60.253227 -46.854649 0.334359 6.242947 -0.261220 
31.981401 60.255791 -46.722206 -0.331481 6.246407 0.007311 
31.415253 58.641949 -44.261864 -0.351374 1.137438 6.158760 
31.549694 60.189449 -46.903515 -1.319327 6.103070 -0.514798 
31.333820 60.124596 -46.989998 -1.776013 5.941051 -0.856100 
31.395628 60.160755 -46.727291 -1.579349 6.063947 -0.107973 
30.317793 57.101070 -43.678833 -1.918843 3.458231 4.789759 
31.801910 59.664669 -44.490292 -2.882496 3.479537 4.334114 
31.838766 59.494167 -44.361065 -2.751975 2.421712 5.077608 
30.810492 57.881233 -48.352016 -3.811281 -1.876482 -4.610200 
33.951294 59.129429 -46.740662 5.227135 3.389986 -0.527083 
33.879429 59.253029 -46.494270 5.122901 3.607950 -0.111385 
30.557690 58.838459 -44.618000 -3.137249 2.613137 4.750752 
33.660000 59.513123 -46.101318 4.607724 4.230787 0.362417 
32.025757 60.238209 -46.410675 -0.150837 6.246961 0.546988 
33.736267 57.365925 -47.141388 3.927406 -4.873997 -0.517107 
30.533163 55.828777 -44.186085 -0.144383 -5.803532 2.109488 
33.241890 59.746140 -44.763550 3.786223 4.787557 1.303238 
30.802971 57.907139 -44.112938 -0.958675 2.458682 5.674358 
30.736212 57.683418 -44.010738 -0.759670 3.100211 5.383262 
30.975885 57.734539 -44.033859 0.177391 2.552698 5.728364 
30.862907 57.228859 -47.926140 -2.418828 -4.082804 -4.073412 
33.394184 58.313610 -45.035999 4.152599 -1.977857 4.279179 
33.477161 58.529270 -45.016731 4.364680 -2.030115 4.033623 
30.425673 58.092628 -44.353409 -3.173494 2.457963 4.817833 
31.065430 57.977592 -44.120594 -0.031284 1.887899 5.980251 
30.843391 58.163235 -44.202652 -1.339554 2.078872 5.739711 
33.674484 59.123764 -45.021252 5.715497 0.049628 2.174594 
30.782930 59.594028 -47.723057 -2.631061 4.639119 -3.296861 
30.267582 57.570110 -47.743118 -3.822295 -2.802465 -4.101412 
31.173271 58.922222 -44.383415 -1.657405 2.247489 5.621199 
31.008020 59.032108 -44.488976 -2.172783 2.705478 5.215365 
30.043968 56.055176 -45.208332 -3.453088 -4.834597 -1.884833 
34.065502 58.866798 -46.188622 5.899715 1.910702 0.706088 
33.275715 57.785683 -45.136356 4.240746 -1.598020 4.348695 
29.838375 57.235424 -46.913643 -4.952914 -2.955523 -2.418091 
30.028204 56.514339 -46.104263 -4.069988 -4.247474 -2.135782 
30.977407 59.390640 -48.109955 -2.642444 4.123945 -3.914210 
30.550686 59.170986 -48.009277 -3.220824 3.308391 -4.211122 
30.761133 59.398052 -47.951305 -2.804289 4.116796 -3.799608 
29.548204 58.246689 -45.882217 -5.985214 0.806164 1.668104 
31.673954 60.066010 -45.279144 -1.658451 5.859107 1.398937 
30.147757 57.346584 -43.986263 -3.139109 3.710248 3.912843 
33.564705 58.360970 -45.187557 4.447292 -1.777588 4.062085 
33.653114 58.611813 -45.181835 4.864952 -1.420633 3.683703 
31.726284 56.008442 -45.818424 1.372100 -5.788143 -1.974836 
30.998640 59.589905 -44.955784 -2.603593 4.534179 3.449599 
33.601192 59.475487 -45.371315 4.915643 3.818954 0.569683 
31.342598 60.067863 -47.256489 -1.808815 5.729619 -1.752853 
30.275219 57.257576 -43.824493 -2.254604 3.756690 4.448191 
30.246777 59.500668 -45.839504 -4.030591 4.555782 1.488445 
30.023214 59.304729 -45.928162 -4.591610 4.000392 1.471185 
30.104685 59.302597 -45.694244 -4.486762 3.983709 1.798534 
30.413832 58.064430 -48.097111 -3.757135 -1.382796 -4.824258 
30.583649 57.797955 -48.127403 -3.668472 -2.115197 -4.631839 
31.307058 59.879917 -47.657524 -1.945889 5.187820 -2.925818 
30.334644 59.677223 -46.309013 -3.588314 5.085721 0.672858 
31.539806 60.076756 -45.508289 -1.603872 5.935491 1.179389 
31.688869 60.141579 -45.740139 -0.946735 6.152735 0.750077 
29.540993 57.717167 -46.624802 -5.892855 -1.858133 -1.003872 
29.622147 56.916332 -44.684887 -6.188949 0.518989 0.678821 
33.398724 59.684910 -45.444157 4.043402 4.783784 0.323721 
32.156883 58.207203 -44.318813 1.538707 -0.567238 6.056829 
33.844028 57.623501 -45.967037 5.130660 -2.695683 2.346950 
33.782345 57.756916 -45.741997 4.978829 -2.162270 3.130196 
30.572063 57.811714 -44.131374 -1.976203 2.974730 5.153756 
30.604029 58.035305 -44.229614 -2.229571 2.461454 5.313650 
29.618898 57.115871 -44.924404 -6.185983 0.676381 0.699244 
30.842941 59.943230 -46.180195 -2.544641 5.690593 0.723324 
30.596777 59.828732 -46.231789 -3.021435 5.449785 0.693603 
30.420137 59.686871 -46.026371 -3.507144 5.069981 1.098627 
31.228445 59.687565 -44.914566 -2.596185 4.540630 3.457808 
31.132956 59.774700 -45.127728 -2.583976 5.007015 2.744274 
31.126358 58.257641 -44.194153 -0.379122 1.525976 6.062186 
33.872314 59.085304 -47.245689 4.856821 3.607834 -1.624623 
31.641315 57.462997 -44.100410 2.362034 1.278434 5.674831 
31.583666 59.087524 -48.757004 -2.791703 3.291497 -4.548089 
33.613426 58.927780 -44.978256 5.249470 -1.517296 3.041871 
30.649807 58.639961 -44.467087 -2.704251 2.286772 5.164327 
29.775137 56.472382 -45.454811 -5.150395 -3.070973 -1.755700 
30.652966 57.380280 -47.923424 -3.020769 -3.443414 -4.270258 
30.767971 59.940212 -46.671547 -2.603116 5.693429 -0.166704 
30.534374 59.819447 -46.505665 -3.090532 5.443318 0.251064 
30.777649 59.935730 -46.408730 -2.642226 5.679301 0.375037 
33.241348 59.429543 -47.775314 3.981286 4.044437 -2.666878 
30.447536 56.888577 -43.495159 -0.751704 1.665259 5.405806 
32.438190 59.215488 -44.079449 -1.364628 -1.487390 5.879015 
32.168297 56.370296 -44.510612 3.752630 -3.094853 3.858209 
32.331593 56.576004 -44.533970 4.105544 -2.099373 4.153891 
32.159378 56.625492 -44.369820 3.710874 -1.600469 4.752292 
33.173874 59.851494 -45.513531 3.254856 5.350099 0.344339 
32.735962 56.431892 -45.693996 3.445080 -5.223027 0.018273 
29.438889 58.225311 -46.370716 -6.173445 0.171470 0.575885 
29.493418 58.520657 -46.320210 -5.953641 1.584377 0.989804 
30.496170 59.557644 -45.452564 -3.571626 4.690869 2.115482 
30.450052 56.044575 -43.823429 -0.421754 -4.792530 3.910850 
31.287834 60.113121 -46.276619 -1.655725 6.029961 0.526778 
31.531565 60.159630 -46.147472 -1.213279 6.124990 0.604568 
31.527254 60.182430 -46.450607 -1.245058 6.139275 0.351711 
33.762753 59.293716 -45.592712 5.267963 3.156319 1.080481 
33.841785 59.241119 -45.840916 5.245700 3.312938 0.851091 
33.697342 57.252213 -46.556793 4.516809 -4.335945 -0.204609 
33.488922 57.073700 -46.688393 3.952131 -4.762790 -0.948851 
33.680714 57.267693 -46.826347 4.167346 -4.629122 -0.740574 
31.408686 60.079586 -45.731377 -1.680851 5.963129 0.963048 
31.291018 60.000130 -45.528225 -2.097541 5.728342 1.448446 
30.503494 59.801121 -46.793392 -3.081132 5.424663 -0.419134 
31.887997 59.210602 -48.842545 -2.662244 3.724258 -4.289822 
33.869591 57.454594 -46.451279 4.944377 -3.803339 0.515293 
31.723524 57.321991 -48.832657 -2.000418 -2.037900 -1.232157 
33.869213 57.520824 -46.204735 5.107377 -3.331869 1.415754 
34.007900 57.674961 -46.357101 5.325781 -3.023213 1.144723 
33.985641 57.758877 -46.135685 5.357014 -2.496010 1.988030 
32.367641 59.438442 -44.073486 -2.238881 0.530273 5.677737 
30.196697 56.309853 -45.965336 -3.320034 -4.759205 -2.366324 
29.976595 56.428829 -45.837444 -4.216098 -4.094257 -2.152189 
32.660069 58.106388 -44.541878 3.062997 -1.481993 5.273033 
29.913059 58.965164 -45.578766 -5.074640 2.997883 2.162559 
29.797945 58.897797 -45.761051 -5.256227 2.820745 1.902774 
29.591043 58.107780 -45.662521 -5.969793 0.826074 1.710654 
30.866621 56.037365 -45.968258 -0.999701 -5.683572 -2.442553 
31.043936 55.772720 -45.129955 0.042802 -6.225571 -0.606619 
31.998407 56.301319 -46.412571 1.188924 -5.820874 -2.030643 
29.610317 57.912334 -45.502041 -5.982927 0.772997 1.680011 
29.694487 57.880985 -45.237476 -5.781897 1.295741 2.072327 
34.131805 58.208569 -46.201591 5.971026 -0.652707 1.665900 
34.136711 58.541218 -46.222874 6.104326 0.599429 1.179699 
31.001539 56.558975 -43.612984 2.620522 -1.087177 5.502834 
31.810661 60.045250 -45.053493 -1.779029 5.724440 1.750347 
33.380108 59.280846 -47.798458 3.891227 4.282890 -2.387385 
30.616066 58.946156 -48.203484 -3.448138 2.285492 -4.669604 
30.319555 57.814545 -47.933067 -3.789233 -2.103594 -4.512091 
34.029835 59.010490 -46.488083 5.593346 2.770131 0.132744 
31.225809 60.110935 -46.523094 -1.787626 6.009800 0.169372 
31.102377 60.063168 -46.368275 -2.005262 5.934080 0.416333 
34.150944 58.700443 -46.513798 6.001676 1.592798 0.460446 
34.207283 58.461136 -46.717003 6.194054 0.639081 0.109413 
34.166218 58.661499 -46.787514 6.012735 1.691792 -0.182382 
32.110184 60.193516 -47.311703 -0.273865 6.044341 -1.556407 
32.056175 60.239487 -47.053806 -0.275272 6.194839 -0.792392 
30.237707 57.009632 -47.205826 -3.356613 -3.972516 -3.490665 
30.148495 58.468716 -47.956638 -3.977169 0.037566 -4.781977 
30.336370 58.334492 -48.088802 -3.803173 -0.490982 -4.957001 
31.681973 57.917511 -44.195534 1.520430 0.794333 6.037825 
31.727850 57.687065 -44.175987 2.042051 0.943464 5.864448 
31.073811 60.059013 -46.794678 -2.131368 5.871651 -0.415698 
30.256788 57.351971 -47.561516 -3.708920 -3.311265 -3.824342 
31.671528 60.219482 -46.711231 -1.011329 6.185444 0.003733 
31.799738 60.229557 -46.509434 -0.714565 6.221728 0.373788 
32.266651 59.012539 -44.167187 -0.976053 -1.356536 6.013041 
31.361189 59.952396 -45.278652 -2.265122 5.483211 1.998592 
33.548679 57.089321 -46.372402 4.469485 -4.375163 -0.078992 
30.504589 58.264576 -48.208652 -3.791330 -0.668442 -4.953244 
34.020008 58.140968 -45.932453 5.578517 -1.203364 2.554118 
29.938499 59.117664 -45.754185 -4.914390 3.440537 1.825285 
30.020973 59.138020 -45.582970 -4.810729 3.451477 2.065292 
31.893709 58.354713 -44.261177 0.829421 -0.050904 6.220913 
29.585426 58.862480 -46.669235 -5.622737 2.687647 0.093117 
31.506788 57.728386 -44.113369 1.616031 1.386820 5.903485 
30.259365 57.164055 -47.387936 -3.487499 -3.690536 -3.682034 
29.860411 56.614326 -45.928879 -4.807784 -3.528656 -1.905151 
29.732849 56.807510 -45.889824 -5.507884 -2.609423 -1.411122 
32.801285 56.562012 -46.420372 2.688422 -5.494092 -1.386410 
32.598343 56.527645 -46.595039 2.101014 -5.596853 -1.906593 
32.840714 56.656467 -46.693188 2.490921 -5.454982 -1.803737 
32.719349 56.909504 -47.363602 1.770682 -5.514035 -2.422580 
32.930733 57.011612 -47.445324 1.737768 -5.804012 -1.502726 
34.050282 57.980389 -46.092491 5.628945 -1.577364 2.190272 
33.937199 57.881145 -45.924610 5.281963 -1.986897 2.721297 
32.003498 56.217915 -46.161320 1.567960 -5.737211 -2.020372 
30.383213 57.721230 -44.163754 -2.675204 3.314691 4.607405 
30.282946 55.961365 -45.316666 -2.499927 -5.381401 -1.968997 
33.737789 59.434647 -46.500820 4.748734 4.083400 -0.215150 
31.517019 58.863976 -48.855667 -3.081626 2.399694 -4.881428 
29.677553 57.193977 -44.649998 -5.863224 1.626765 1.393976 
33.616894 59.568752 -46.356064 4.478659 4.387839 0.003903 
32.406639 58.024769 -44.426048 2.547773 -0.896552 5.657985 
30.441097 56.221657 -46.070770 -2.445329 -5.206532 -2.499186 
30.612421 56.077984 -45.915020 -1.814434 -5.462026 -2.481372 
29.503061 58.367790 -46.109779 -5.992030 1.056966 1.413448 
31.236450 57.753208 -44.062340 0.893745 1.970304 5.887765 
31.107143 57.534523 -43.949432 1.066578 2.595685 5.607817 
32.378029 56.520512 -46.771461 1.643242 -5.608779 -2.284713 
32.627552 56.640305 -46.869965 1.920833 -5.518382 -2.282913 
31.777319 60.224174 -46.968102 -0.813631 6.164343 -0.677720 
31.380527 59.997681 -47.470238 -1.796231 5.502394 -2.415496 
30.320892 56.240013 -43.643841 -1.297889 -3.352806 4.825097 
30.830744 57.431145 -48.074879 -2.951464 -3.574995 -4.235490 
33.113819 59.854778 -44.902199 3.225210 5.343507 0.608630 
31.524035 59.825031 -47.869999 -1.728517 5.098771 -3.225774 
31.407648 59.643963 -48.070042 -2.018307 4.782977 -3.529042 
30.029324 57.463207 -44.215557 -3.954867 3.389889 3.446076 
30.401394 58.901016 -48.057556 -3.669305 2.077065 -4.612470 
32.404510 56.438904 -44.715816 4.322492 -3.122408 3.167000 
31.567112 57.484283 -48.796440 -4.189949 -3.219403 -3.378313 
31.501074 57.413742 -48.626602 -3.631114 -4.097175 -3.022638 
31.435192 57.604004 -48.744282 -4.025958 -2.878586 -3.842799 
29.798792 59.161701 -46.367912 -5.060607 3.591476 0.871410 
29.663795 58.973423 -46.469490 -5.419795 3.058201 0.688774 
31.414591 58.923939 -44.323322 -1.181156 1.628576 5.927176 
32.336109 56.787830 -44.470932 4.042771 -1.022279 4.653036 
34.106213 57.826866 -46.482224 5.716088 -2.297192 0.697964 
34.012150 57.634537 -46.588821 5.291029 -3.293222 0.237725 
34.134708 57.880062 -46.705364 5.865105 -2.097183 0.020096 
30.797503 56.391159 -43.585358 1.622830 -2.457713 5.415233 
32.744633 56.476982 -46.168205 2.816583 -5.514899 -0.959940 
32.556248 56.386074 -46.134266 2.338168 -5.725351 -1.056016 
32.580574 56.438320 -46.337959 2.257108 -5.648482 -1.482055 
31.790203 55.945305 -45.551830 1.685110 -5.867895 -1.355732 
33.380653 56.939636 -46.433151 4.009724 -4.772763 -0.621154 
30.980957 60.026962 -46.517956 -2.247200 5.856578 0.136224 
34.171871 58.068947 -46.469204 6.057102 -1.117777 0.841007 
33.782471 59.378326 -46.290752 4.917717 3.891338 0.170150 
30.487789 57.266190 -43.759457 -0.991061 3.763571 4.892216 
30.190304 59.137199 -45.249866 -4.475320 3.430900 2.725308 
30.158388 59.247684 -45.469757 -4.443280 3.804542 2.242319 
29.832716 59.071949 -45.968681 -5.074353 3.333937 1.527673 
32.092632 57.127224 -44.275246 3.255903 0.209096 5.356798 
30.500967 58.729443 -48.194332 -3.710056 1.165266 -4.890220 
31.372345 59.632393 -44.750549 -2.625372 4.067758 3.986181 
31.394655 59.760483 -44.886223 -2.621167 4.592764 3.377553 
29.533598 58.006165 -45.891872 -6.147516 0.153131 1.269958 
31.355934 59.836586 -45.035587 -2.558651 4.996099 2.795678 
31.500845 59.853138 -44.938271 -2.597929 4.865189 2.997738 
31.554989 59.955692 -45.078487 -2.318648 5.352056 2.275303 
32.636715 56.392754 -45.943321 2.747921 -5.598686 -0.641228 
31.772591 59.113434 -48.849728 -2.720633 3.382126 -4.536724 
34.035027 58.737869 -47.374821 2.939345 1.237753 -0.900399 
34.070942 58.779198 -47.183220 5.668975 2.280273 -1.311148 
34.136787 58.508984 -47.244053 3.205987 0.650676 -0.674199 
32.762192 59.692497 -48.061451 3.082937 4.153028 -3.491773 
34.192635 58.493027 -46.962929 6.112928 0.852334 -0.728500 
30.554054 55.933876 -43.985443 0.004094 -5.360949 3.220420 
30.665724 57.557419 -48.059952 -3.302798 -2.955125 -4.432250 
33.536465 57.193314 -47.023773 3.787970 -4.927977 -0.896785 
32.025181 60.109489 -47.539909 -0.603610 5.782196 -2.321626 
32.801258 57.869965 -44.700432 3.680055 -1.255626 4.930387 
31.672890 59.921249 -44.892960 -2.501605 5.014224 2.773075 
33.252563 56.878723 -46.622894 3.551544 -5.016994 -1.236826 
29.670265 58.785564 -45.985909 -5.526838 2.469282 1.586201 
29.561668 58.588116 -46.114037 -5.783840 1.910124 1.482540 
32.602470 56.548935 -44.914322 4.605095 -3.082436 2.862601 
32.026237 59.882656 -44.536282 -2.543398 4.460294 3.469446 
32.624866 56.413891 -45.182320 4.259943 -4.278858 1.562738 
32.411594 57.696430 -44.467983 3.115607 -0.453677 5.423550 
29.565699 57.702076 -45.660408 -6.206385 0.046619 0.900326 
29.560253 57.902477 -45.718510 -6.148601 0.309762 1.211638 
30.187132 56.567699 -43.550381 -2.362065 -0.667087 5.320344 
31.522133 55.990814 -45.875282 0.825550 -5.830163 -2.160124 
31.792021 56.185760 -46.212524 1.232475 -5.706655 -2.317875 
33.385105 59.535717 -47.411263 4.133118 4.102934 -2.348819 
29.775030 57.801300 -44.973701 -5.557648 1.739512 2.344306 
30.361607 59.367233 -45.301498 -3.959878 4.145809 2.494449 
31.228765 58.809658 -48.685322 -3.339622 1.999881 -4.907298 
32.113747 56.423035 -46.699326 1.141314 -5.728738 -2.266996 
32.180832 56.533176 -46.917645 1.201748 -5.573672 -2.614223 
33.199474 58.147388 -44.932755 3.971141 -1.886600 4.485025 
33.459381 58.086010 -45.197540 4.270025 -1.763648 4.255499 
29.499296 57.784294 -46.353683 -6.104170 -1.402839 -0.076491 
30.316469 58.222946 -44.503281 -3.718409 2.277194 4.510113 
31.769562 60.179115 -45.996223 -0.647428 6.207673 0.661691 
31.082918 60.015636 -47.123363 -2.159652 5.703871 -1.366272 
31.133612 59.983700 -45.717163 -2.205247 5.745467 1.210908 
30.293091 59.658260 -46.890461 -3.574148 5.084683 -0.686370 
29.926903 57.223270 -44.103306 -4.313410 3.247011 3.155992 
29.833040 57.002010 -44.011524 -4.776345 2.497704 2.999622 
32.502869 56.686275 -44.672405 4.527045 -1.904989 3.839224 
33.985886 58.905327 -47.274582 5.226249 3.015839 -1.616210 
33.390072 59.394432 -47.620953 3.980014 4.016197 -2.737923 
32.868607 56.772076 -46.965588 2.376354 -5.314332 -2.304465 
30.609369 56.201088 -43.663235 0.502806 -3.822168 4.798558 
29.595337 58.767002 -46.263596 -5.646989 2.471915 1.112043 
34.205482 58.293034 -46.890522 6.233173 -0.192474 -0.456464 
34.095413 57.916771 -46.286777 5.766265 -1.806041 1.540900 
31.424261 57.833275 -48.863926 -4.101803 -1.690092 -4.418503 
30.582443 58.304081 -44.358955 -2.711534 2.247318 5.173995 
29.647711 57.019104 -45.874401 -5.917878 -1.816573 -0.921952 
34.195461 58.369450 -46.466694 6.154938 0.172669 0.856083 
33.386772 56.929371 -46.171413 4.329415 -4.489647 0.246485 
31.716520 59.946720 -47.762466 -1.371268 5.352336 -2.973482 
33.568649 58.749229 -45.006905 4.842429 -1.827571 3.525575 
29.862242 59.281796 -46.812695 -4.740322 4.029847 -0.421135 
30.774591 56.680264 -43.498585 1.424086 -0.013818 5.776831 
32.764248 57.014565 -47.613491 1.085690 -6.009687 -0.998686 
33.302792 57.031620 -45.580715 4.839804 -3.098843 2.451816 
32.255013 57.225208 -44.382244 3.453936 0.069793 5.241834 
32.320469 57.416885 -44.426155 3.313200 -0.048548 5.329794 
31.395193 57.312962 -48.376881 -2.613214 -4.764873 -3.099977 
29.496464 57.882706 -46.112152 -6.185618 -0.666480 0.730048 
31.522238 55.853550 -45.433647 1.099871 -6.014612 -1.262890 
30.106071 58.102959 -44.641342 -4.376027 2.266674 3.882119 
31.784027 60.208790 -46.269737 -0.668965 6.212190 0.572497 
31.469027 57.306225 -43.978958 2.500848 1.717429 5.494882 
33.031475 57.860516 -44.891762 3.990557 -1.440160 4.631253 
33.086983 57.622131 -45.008881 4.233591 -1.284403 4.459686 
32.720806 59.853100 -47.887085 2.682395 4.734951 -2.941818 
31.365650 57.511734 -44.007885 1.824110 1.969104 5.670125 
32.910522 59.689857 -47.901375 3.743809 4.050252 -2.960520 
33.611366 58.011173 -45.388874 4.520300 -1.732969 3.999611 
32.573887 59.782337 -48.085396 2.038088 4.764244 -3.470524 
31.639334 59.454376 -44.447205 -2.622194 2.795971 4.947391 
31.575180 59.632931 -44.616997 -2.772931 3.745188 4.194413 
29.662451 56.461388 -44.437363 -6.030876 -1.347059 0.606081 
31.771128 59.284264 -44.315327 -2.192867 1.501329 5.653752 
32.571621 56.933201 -47.508873 1.405831 -5.684213 -2.238709 
32.246517 56.223717 -44.768486 3.837461 -4.181217 2.498095 
29.703150 56.305958 -44.639721 -5.657508 -2.504829 -0.091670 
30.481417 57.572403 -47.931728 -3.507398 -2.780636 -4.378520 
30.548525 57.103378 -43.632156 -0.338711 3.491049 5.162534 
33.514107 57.821552 -45.363785 4.449867 -1.814725 4.039664 
30.101442 57.172501 -47.238651 -3.895166 -3.476014 -3.458985 
30.161547 59.501858 -46.109081 -4.128721 4.569774 1.123818 
33.033218 56.705395 -46.513317 3.141704 -5.265051 -1.257661 
29.926613 56.345570 -45.591789 -4.317085 -3.961723 -2.166568 
32.385010 56.294647 -45.995003 2.262598 -5.726373 -1.215731 
30.535877 59.395359 -47.779415 -3.041645 4.140296 -3.571838 
33.998363 57.615574 -46.822517 5.216825 -3.426578 -0.196961 
34.092773 57.796883 -46.955566 5.698630 -2.516400 -0.351640 
34.082626 58.652779 -46.008263 6.041914 0.645595 1.387214 
31.918783 59.997803 -44.814610 -2.108626 5.313245 2.433981 
31.286243 55.799362 -45.293980 0.451004 -6.164065 -0.903618 
31.071297 60.034958 -46.184151 -2.093599 5.874978 0.704492 
30.953655 60.005783 -46.333565 -2.324839 5.810818 0.483479 
32.593235 57.867729 -44.558578 3.321441 -0.991590 5.236417 
34.086372 58.881306 -46.755955 5.688428 2.568763 -0.298860 
34.206543 58.191628 -46.694443 6.185755 -0.675338 0.140618 
32.667347 56.772240 -47.130577 1.883371 -5.371127 -2.637770 
29.926468 56.641514 -43.740471 -4.247907 0.051205 4.312732 
29.481987 58.118732 -46.105034 -6.127504 0.054343 1.235889 
31.750475 59.824352 -44.684937 -2.761625 4.366932 3.524741 
30.337793 58.616070 -48.087433 -3.798752 0.685171 -4.925635 
31.631302 57.603523 -48.968113 -2.111113 -1.222441 -2.009961 
33.856335 57.428490 -46.702793 4.722059 -4.105276 -0.165852 
31.535940 60.134743 -45.918865 -1.263186 6.104555 0.724156 
31.275482 60.077091 -45.988472 -1.802949 5.956014 0.803351 
32.920998 58.126743 -44.709499 3.593659 -1.804749 4.820924 
30.501621 58.495068 -48.218693 -3.765442 0.135200 -5.014682 
33.677540 57.304417 -47.027458 3.908821 -4.851057 -0.806647 
33.833790 57.427879 -46.963993 4.459854 -4.371387 -0.462758 
33.159523 56.975731 -45.380058 4.795821 -2.809193 2.830127 
30.532131 56.463757 -43.497086 -0.066836 -1.661260 5.627260 
33.690010 57.888851 -45.539059 4.715575 -1.876707 3.693198 
29.462687 57.991165 -46.291588 -6.190176 -0.738033 0.481156 
31.382574 58.029606 -44.155994 0.748669 1.267566 6.097599 
32.126266 56.875671 -44.298603 3.545680 -0.463010 5.136878 
33.883057 58.913418 -47.532097 2.529614 1.767011 -1.074886 
33.753109 59.137478 -47.434742 4.513500 3.809303 -2.110629 
34.006657 58.973152 -47.026020 5.324667 3.110908 -1.002003 
34.129158 58.726536 -46.993835 5.821005 2.056671 -0.853749 
30.305449 59.453320 -45.576012 -4.009221 4.411713 1.919932 
30.885061 58.451786 -44.290089 -1.708499 1.992693 5.664440 
31.591400 58.655544 -48.979664 -3.238393 1.685826 -5.106364 
33.177067 56.830002 -45.634995 4.564555 -3.918309 1.647752 
33.385521 56.993107 -45.842751 4.684705 -3.836226 1.463590 
29.731136 59.011189 -46.204910 -5.277043 3.141538 1.197364 
33.554947 59.021820 -44.836529 5.087481 -1.518279 3.277284 
31.540865 59.775578 -44.794460 -2.713467 4.423589 3.526773 
29.921944 59.274826 -46.192787 -4.725242 3.941195 1.156443 
