52.068691 48.893703 40.134060 -3.195923 -2.558646 -4.687251 
51.814457 48.904564 40.282932 -2.761820 -2.789059 -4.843385 
51.878902 49.144924 40.075958 -2.251125 -4.068440 -4.021483 
52.556091 48.122238 39.979073 -3.520269 -0.802880 -5.133613 
52.777618 48.011723 39.854782 -2.651671 -0.638618 -5.603776 
52.605473 47.836803 39.988438 -3.570335 -0.955438 -5.058009 
52.840805 47.733902 39.862869 -2.540907 -0.926867 -5.606220 
51.310623 47.940910 41.082218 -5.208408 -1.860406 -2.765294 
51.311028 47.722851 41.287601 -5.418814 -2.474447 -1.494185 
51.204693 47.997040 41.363991 -5.908183 -1.718411 -0.850693 
50.382153 49.225632 41.234360 -2.540107 -4.767803 2.614907 
50.141819 49.321011 41.156403 -3.355891 -3.982017 2.297407 
50.374260 49.170090 40.924492 -2.405043 -5.604536 -0.274480 
50.083687 49.328369 40.818726 -3.585959 -4.633824 -0.876989 
52.386013 48.146034 42.918762 -4.044606 -0.986958 4.697070 
52.293232 47.905041 42.777760 -3.748962 -1.409626 4.835523 
52.515713 47.905346 42.961437 -3.860232 -1.581066 4.691334 
53.850624 46.805241 40.528919 1.742121 -4.519995 -3.952337 
53.765312 46.965412 40.324631 1.561076 -4.326579 -4.245728 
54.024963 46.985115 40.433849 2.197239 -4.242783 -4.078093 
53.960934 47.162243 40.219288 2.065221 -3.886139 -4.447901 
51.988415 48.660282 40.280769 -3.290992 -1.664170 -5.054781 
51.736767 48.661839 40.431187 -3.126911 -1.893718 -5.098599 
51.554283 48.898182 40.431458 -2.688972 -3.010838 -4.758968 
52.893040 47.295685 39.972084 -2.059679 -2.918359 -4.919624 
52.673550 47.514393 40.009953 -3.495027 -1.754186 -4.797810 
52.915466 47.509865 39.872288 -2.062703 -1.657005 -5.533414 
52.042881 46.875668 41.432022 -3.916131 -4.800303 -0.774921 
51.948990 46.993977 41.271275 -4.002724 -4.658627 -1.222075 
52.180321 46.821804 41.225388 -3.532495 -4.926420 -1.525316 
52.034718 47.013882 41.027607 -3.602762 -4.621443 -2.210122 
53.798176 48.573650 39.974712 3.295512 1.728182 -5.039782 
54.014378 48.491444 40.095665 3.427216 2.126944 -4.807278 
53.870136 48.321545 39.938568 3.003831 1.500043 -5.290851 
54.097370 48.242817 40.054268 3.185987 1.690328 -5.135719 
50.951546 48.827374 41.535023 -5.529677 -2.238618 1.829483 
50.898930 48.851841 41.243557 -5.168813 -3.487828 -0.013434 
50.992393 48.631634 41.367165 -5.758762 -2.276665 0.033126 
51.903145 49.437637 39.643917 -0.083523 -4.775771 -3.989442 
52.020966 49.274132 39.836143 -1.474940 -4.445142 -4.120309 
51.756851 49.327011 39.854797 -1.186471 -5.291099 -3.156392 
55.023037 48.540462 41.245667 4.887023 3.854246 -0.443199 
55.085716 48.451122 41.499512 5.094851 3.399941 0.883553 
55.190369 48.304371 41.291519 5.513345 2.733129 -0.058644 
54.089371 46.826550 40.637444 2.361156 -4.425021 -3.761108 
54.268272 46.998901 40.560963 2.523425 -4.312552 -3.800454 
54.223595 47.170948 40.349632 2.384568 -3.938437 -4.248781 
53.088303 50.521755 42.614162 1.923140 4.758563 3.540114 
53.062378 50.672604 42.371780 1.528591 5.464575 2.629296 
52.845627 50.643063 42.536228 1.161333 5.385650 2.947932 
53.871395 47.366848 40.026733 1.822865 -3.166060 -5.061347 
53.565464 47.391762 39.926731 1.173816 -2.904108 -5.399030 
53.798023 47.599354 39.885624 1.676945 -1.913304 -5.646823 
52.908382 46.387550 42.196556 -2.830848 -5.134429 1.985988 
53.102421 46.260300 42.017498 -2.516342 -5.680579 0.794230 
53.175926 46.295982 42.301678 -2.483839 -5.171847 2.356244 
53.308201 46.177593 42.107052 -2.271955 -5.675072 1.112725 
50.667847 49.068623 40.925751 -2.679620 -5.556412 -0.885016 
50.585762 49.122902 41.169613 -2.992357 -5.298281 1.321938 
53.259296 49.007641 39.786568 1.700035 0.743410 -5.928318 
53.337746 48.739559 39.784122 1.790933 0.709449 -5.945653 
53.074047 48.789906 39.743046 0.216014 0.218331 -6.225422 
52.968636 50.918961 41.096352 3.442669 5.205134 0.142938 
52.915123 51.000946 40.821720 5.000399 3.586996 0.738100 
52.728157 51.112213 41.060093 4.458196 3.375592 2.138741 
53.566463 46.774673 40.473770 0.853154 -4.710065 -4.031100 
53.488190 46.973297 40.244762 0.834361 -4.459464 -4.329591 
53.637413 48.405682 39.839806 2.357697 1.124481 -5.670472 
52.261250 46.888786 40.927071 -3.375689 -4.588119 -2.559023 
55.083694 48.318279 41.730259 5.327348 2.484747 2.122208 
55.206657 48.206951 41.558128 5.587429 1.780854 1.449083 
51.601059 49.113285 40.235001 -2.009731 -4.179096 -4.161732 
54.902828 47.997585 42.300900 5.477932 0.567382 2.957580 
54.757740 48.052753 42.531712 5.135026 0.852890 3.436863 
54.821133 47.781807 42.456333 5.280697 -0.238616 3.320284 
54.248287 48.773891 40.451496 3.530478 3.058977 -4.179871 
54.171135 49.004456 40.534969 4.230281 2.668095 -3.792486 
54.374020 48.884533 40.658962 3.707775 3.510855 -3.630073 
54.052540 48.872864 40.334850 4.065207 2.337811 -4.170491 
50.572140 49.173038 40.642788 -1.838642 -5.520950 -2.205194 
50.282700 49.302097 40.599625 -2.567640 -5.161003 -2.281454 
52.820648 51.225529 40.773964 5.559399 0.865342 2.423524 
53.510090 48.917648 39.882820 3.037236 1.062971 -5.346654 
53.449589 49.188854 39.902473 3.114152 1.337763 -5.203246 
52.396347 47.968681 40.129539 -3.782667 -0.979417 -4.919998 
52.353722 48.239666 40.108864 -3.724515 -0.943795 -4.971288 
52.910313 51.092812 40.558201 6.049575 0.927623 0.829945 
52.302979 50.841751 42.122581 -0.494220 5.592278 2.782115 
52.114113 50.726154 42.257500 -1.921375 4.976925 3.259172 
52.356575 50.748806 42.360718 -0.962321 5.577669 2.566780 
53.007759 46.514854 42.505783 -2.779002 -4.526121 3.288812 
52.722828 46.589710 42.341946 -3.291190 -4.307822 3.048675 
53.539742 47.681847 39.804226 0.949058 -1.484261 -5.956344 
53.751797 47.867722 39.817745 1.806782 -0.361587 -5.891953 
52.807693 50.761108 42.292267 0.902948 5.752780 2.305137 
52.756977 50.857815 42.042088 0.900681 5.930447 1.782209 
52.552887 50.815155 42.209236 0.186891 5.840611 2.276775 
52.133171 49.969692 42.747696 -4.148107 0.504271 4.679138 
51.945732 49.875633 42.579483 -4.138738 0.341634 4.713048 
52.103264 49.701263 42.731236 -4.237301 0.117032 4.637119 
53.076271 46.258877 41.736435 -2.159016 -5.847885 -0.424520 
53.304241 46.164722 41.849129 -1.854543 -5.881103 -0.519825 
53.531147 46.082840 41.989555 -0.337778 -5.732442 0.067831 
52.723705 48.297474 39.853176 -2.663567 -0.659879 -5.620962 
52.976940 48.187012 39.773941 -1.310669 -0.398403 -6.088666 
50.846535 49.063259 40.705963 -2.390317 -5.133616 -2.630979 
50.809784 49.241234 40.400639 -1.389455 -5.332522 -3.012928 
52.040100 49.638165 39.484035 1.562521 -3.461139 -4.939585 
51.768978 49.600338 39.442162 1.092658 -4.649572 -4.011136 
51.624397 49.461010 39.641476 -0.244630 -5.509240 -2.974210 
51.972565 47.218250 42.267654 -3.514444 -3.171705 4.020976 
52.107723 46.986851 42.169685 -3.587878 -3.969508 3.162263 
52.209866 47.124725 42.379753 -3.290402 -3.100382 4.330011 
51.459713 47.684109 41.022396 -4.692503 -2.476269 -3.190447 
51.484566 49.591045 39.370445 0.869814 -5.276182 -3.184137 
51.493515 49.371525 39.873215 -0.903776 -5.664968 -2.538613 
51.346939 49.469486 39.646854 -0.289043 -5.897647 -2.116198 
53.556290 46.155399 41.699394 0.079022 -5.978895 -1.612575 
52.337166 46.899551 42.292881 -3.465292 -3.718772 3.650848 
52.602829 50.717216 42.448982 0.323104 5.699231 2.564389 
52.855316 46.503746 41.071396 -2.056360 -5.549811 -2.056685 
52.843433 46.418552 41.337185 -2.264743 -5.616242 -1.564819 
52.629337 46.553604 41.212257 -2.721221 -5.385227 -1.675495 
51.742207 49.796352 42.419094 -3.825232 0.387399 4.967927 
51.583694 49.976509 42.283150 -3.636042 0.770880 5.060632 
51.533295 49.730511 42.271435 -3.616591 0.378011 5.123529 
51.366241 49.901726 42.142406 -3.450343 0.517976 5.222815 
52.145885 49.076572 39.949615 -2.746129 -3.356480 -4.520998 
51.240353 48.648952 40.773834 -3.998123 -2.706559 -3.949108 
51.299007 48.884243 40.585339 -2.835050 -3.322413 -4.477528 
51.485737 48.655197 40.591030 -3.267029 -2.196284 -4.886300 
51.537319 48.622463 42.307613 -4.085276 -0.130732 4.749157 
51.711849 48.822346 42.437180 -3.676905 0.091360 5.092251 
51.475895 48.894928 42.259922 -4.016583 -0.077548 4.814110 
52.842152 46.360298 41.615623 -2.532934 -5.662269 -0.622909 
53.068966 46.305470 41.457043 -1.739433 -5.811227 -1.464939 
51.327919 49.646069 42.134109 -3.666585 0.153685 5.095339 
51.492508 49.530701 42.255341 -3.646871 0.225043 5.110462 
51.657867 48.415226 40.560589 -3.463926 -1.549464 -5.005394 
51.649368 49.091331 42.384457 -3.679338 0.145507 5.090433 
53.485268 46.192875 42.367859 -0.753826 -5.180177 2.672846 
52.410835 50.648918 42.595345 -1.147965 4.921893 3.278555 
53.319492 50.546009 42.441422 2.410120 4.794099 3.096998 
53.526669 50.537468 42.239395 3.110628 4.845803 2.370491 
53.279293 50.689732 42.184311 2.099618 5.479414 2.020029 
51.424660 50.165882 42.139980 -3.260841 1.076562 5.257336 
55.249596 48.124500 41.063190 5.593820 1.478760 -1.318907 
55.100079 48.386097 41.013763 4.906848 3.228323 -1.739168 
51.342152 49.100925 40.378666 -1.996449 -4.331641 -3.997784 
55.270809 48.024227 41.350471 6.081950 0.653129 0.548655 
53.218037 47.000889 40.178394 0.105812 -4.522312 -4.307804 
52.944107 47.058315 40.139561 -1.464342 -4.156233 -4.230446 
53.146927 47.192955 39.995552 -0.209568 -3.736926 -4.928045 
54.224674 49.909142 41.594650 5.864588 2.134463 -0.374599 
54.294823 49.685722 41.731438 5.972861 1.869738 0.294398 
54.282845 49.677937 41.443848 5.893300 2.003711 -0.776907 
51.190907 50.096584 42.015320 -3.185858 0.686540 5.362298 
51.256351 50.378288 41.998554 -2.945181 1.469080 5.336077 
52.403870 51.325718 41.330967 3.960177 2.277143 4.149968 
52.496483 51.533016 41.204735 2.158147 0.336079 2.101411 
52.268978 51.548286 41.387550 1.700069 0.645705 2.434216 
53.663643 49.081245 40.042240 3.962805 1.506835 -4.624186 
53.601559 49.339672 40.071815 3.996692 1.715930 -4.500548 
52.863380 46.348042 41.902843 -2.709037 -5.583191 0.556271 
52.662762 46.491989 42.061462 -3.304554 -5.027538 1.570373 
53.404732 47.161827 40.046799 0.813798 -3.905905 -4.799858 
52.405209 51.144123 41.511753 2.790945 4.562975 3.176663 
52.212692 51.116608 41.676071 1.827928 4.554304 3.838370 
52.448250 51.012215 41.734295 1.542601 5.516885 2.541983 
50.299187 49.462978 41.389416 -3.285451 -2.345984 4.575437 
50.025509 49.591244 41.219051 -4.365997 -1.316494 3.857272 
50.472973 49.349453 40.367378 -1.905973 -5.269122 -2.808934 
54.162922 47.582722 43.182079 3.389309 -2.087169 4.755184 
53.912678 47.620438 43.342243 1.843649 -1.961550 5.435708 
53.946774 47.362072 43.180218 2.200227 -2.938185 5.062105 
53.639561 47.390911 43.291603 0.428511 -2.676123 5.505950 
53.681122 47.156597 40.113285 1.385770 -3.853471 -4.703764 
53.930305 48.729504 40.148655 3.841922 2.087883 -4.504188 
51.138897 49.819649 41.998653 -3.450863 0.056987 5.245657 
51.060783 48.876698 40.764236 -3.517201 -3.903522 -3.364985 
52.932468 47.535950 43.129242 -3.110489 -2.076993 5.027257 
52.787308 47.417156 42.972866 -3.562287 -2.211927 4.671901 
52.969181 47.296700 43.046776 -3.122818 -2.283688 4.930086 
53.823067 46.158817 42.186424 2.028217 -5.310858 1.349717 
53.632835 46.381268 42.600483 0.446035 -4.358888 4.290967 
53.329212 46.400902 42.571049 -1.542494 -4.632946 3.805399 
50.561031 49.257191 41.398949 -3.247554 -3.885308 3.613495 
50.776730 49.259758 41.605587 -4.099250 -2.512286 3.984935 
50.579777 49.475628 41.568859 -3.360403 -2.112521 4.813134 
49.952763 49.466797 41.019596 -4.763461 -2.849628 1.318823 
53.212933 46.601429 42.755398 -1.578896 -4.178207 4.225706 
53.864071 48.978546 40.189194 4.217313 1.832629 -4.271241 
53.796650 49.235512 40.232368 4.429809 1.758598 -4.088316 
52.475918 47.408428 40.246552 -3.834014 -2.340901 -4.383393 
52.436905 47.685486 40.159431 -3.865510 -1.459256 -4.718691 
50.956463 50.033581 41.881371 -3.236081 0.355779 5.361521 
51.019794 50.310364 41.881012 -3.145492 1.164325 5.295765 
53.779888 46.269581 42.428009 1.630159 -4.911069 3.243780 
51.083275 49.079666 40.526897 -2.056180 -4.610635 -3.682360 
51.884724 49.802414 39.306126 2.404727 -3.352932 -4.700823 
53.289501 46.828995 40.378105 0.150882 -4.785650 -4.039660 
52.946789 51.304150 40.506138 2.772435 -0.350065 0.725738 
52.932720 51.166367 40.282463 3.033185 -0.201185 -0.214095 
51.204117 49.541275 39.415646 0.271267 -5.888999 -2.054401 
53.727516 48.824127 40.011650 3.682469 1.557712 -4.831737 
51.953224 48.748371 42.606777 -3.744173 0.044936 5.042499 
51.769634 48.553181 42.481377 -3.661596 -0.024583 5.103320 
53.342087 47.826591 43.401855 -1.251214 -1.362877 5.939936 
53.092007 47.927631 43.347343 -2.225906 -1.386188 5.664946 
53.126255 47.668793 43.283436 -2.326626 -1.884113 5.489012 
52.648136 50.067776 39.689449 3.860427 0.197957 -4.935037 
52.761887 50.220371 39.815834 4.413403 0.966440 -4.346517 
52.846069 49.969929 39.823303 3.432228 1.320519 -5.065554 
50.900978 49.631065 39.082653 0.400159 -2.821449 -0.905006 
51.179836 49.725914 39.050995 0.733720 -2.508388 -1.604112 
51.106625 49.611271 39.227451 0.807578 -5.683501 -2.502836 
53.153522 47.425762 43.201279 -2.350973 -2.173464 5.382106 
53.369122 47.551609 43.324844 -1.268332 -2.061565 5.741494 
53.829948 46.161968 41.851952 2.140439 -5.621538 -0.798081 
52.202408 51.315899 41.494469 3.034030 2.770652 4.619919 
54.005817 46.331200 42.311954 3.342292 -4.690877 2.242848 
51.033009 49.488171 39.678135 -0.646363 -6.079238 -1.426000 
52.355698 50.402294 39.385727 2.084835 -0.522720 -2.280256 
52.525188 50.556862 39.530762 2.413212 -0.285777 -1.968228 
52.576244 50.312439 39.627125 4.554747 -0.217313 -4.299682 
54.044830 46.291752 42.022327 3.535729 -5.125980 0.379253 
52.682186 49.764542 43.178467 -1.951992 1.757535 5.480144 
52.631653 49.496300 43.209568 -3.071177 0.573660 5.276793 
52.893475 49.608387 43.279572 -0.413764 1.804179 5.710182 
53.617996 47.714447 43.409184 0.062355 -1.525503 5.978685 
53.571148 48.659813 39.869240 2.745191 1.182867 -5.506902 
52.820541 50.278019 42.956161 0.621433 3.306028 5.137366 
52.606277 50.423218 42.870377 -0.432685 3.569352 4.847011 
52.553871 50.180607 42.978458 -1.672124 2.202816 5.513511 
54.136879 49.950096 42.156311 5.210742 2.279246 2.215782 
53.950680 50.174053 42.242790 4.365170 3.447919 2.660600 
53.978111 49.917583 42.420246 4.604327 2.342114 3.496811 
52.853371 50.490318 42.767895 1.276375 4.493854 4.036079 
50.942348 49.548954 39.378151 -0.044578 -6.097386 -1.383519 
52.758926 50.025932 43.086155 -0.555570 2.517242 5.601721 
52.499355 49.917023 43.038803 -2.905080 1.384545 5.296462 
50.687218 49.549675 39.561134 -0.884065 -6.181884 -0.559458 
53.101456 50.806126 40.859768 3.972573 4.697912 -1.040887 
52.460999 49.646812 43.056564 -3.843700 0.570363 4.904110 
54.187332 49.916965 41.327461 5.546114 2.369074 -1.433782 
52.609436 49.233650 43.191536 -3.535974 -0.121288 5.142796 
52.850868 49.343159 43.318012 -1.544488 0.482384 5.877400 
52.438313 49.378052 43.047619 -4.192534 0.012783 4.671885 
53.828194 49.542603 42.805275 4.095193 2.364488 4.121198 
54.032684 49.347980 42.694244 4.599429 2.345573 3.558941 
53.994305 49.631969 42.562450 4.671328 2.187537 3.565002 
51.042316 48.679035 41.042545 -5.022872 -3.056672 -2.063968 
52.942287 49.103424 39.747593 0.502469 0.062393 -6.223518 
52.631092 46.465874 41.772617 -3.195084 -5.354622 0.236750 
53.306713 46.216290 41.575340 -1.123102 -5.942947 -1.492115 
52.794788 46.744225 42.573502 -3.506287 -3.566343 3.770672 
52.564583 46.817123 42.427052 -3.556916 -3.485593 3.801241 
49.918137 49.544197 40.784637 -5.230112 -3.110072 -0.634479 
51.414005 48.408688 40.740532 -3.988216 -1.914771 -4.426534 
54.144707 49.679119 42.299885 5.308563 1.846618 2.762123 
54.819328 48.269329 42.350990 5.071556 1.812429 3.112626 
54.409885 49.217953 42.046078 5.536652 2.498323 1.576814 
54.281052 49.443760 42.167824 5.578023 2.040331 2.020621 
54.323727 49.190331 42.311104 5.295661 2.418707 2.351186 
51.265015 51.261593 41.594597 -1.225641 1.275416 2.598043 
51.401100 51.155262 41.700905 -1.947271 2.556341 5.395814 
51.510044 51.383240 41.631683 -0.529140 1.287826 2.784441 
54.214138 49.931362 41.860748 5.754124 2.172515 0.797183 
53.774384 50.156620 42.482712 3.830323 3.258519 3.624763 
53.762451 49.863472 42.688282 3.983293 2.515497 4.125284 
53.545856 50.143307 42.690536 3.289093 3.274447 4.180588 
54.172050 49.409897 42.438419 5.147485 2.153029 2.863717 
52.122921 47.398529 42.473373 -3.266376 -2.318470 4.829418 
51.852768 47.472679 42.325737 -3.576161 -2.328621 4.560765 
51.739059 47.313423 42.120872 -4.156880 -3.226085 3.119891 
53.074596 46.393162 41.190754 -1.484944 -5.732953 -2.059888 
54.151985 46.526230 42.432190 3.757478 -3.914326 2.988107 
54.226578 46.449451 42.166489 4.080621 -4.370667 1.426148 
53.909920 46.430912 42.553947 2.439193 -4.056876 3.877444 
53.779690 46.584114 42.730556 1.556851 -3.676272 4.790069 
52.697517 49.827690 39.717304 2.894184 0.311989 -5.541882 
51.213947 48.420120 40.971886 -4.966148 -2.223064 -3.085586 
53.322899 50.351830 42.664734 2.651914 4.009629 3.996617 
53.301525 50.134926 42.864674 2.680170 3.304407 4.574596 
51.791748 50.052731 42.430130 -3.978598 0.836854 4.783231 
51.586151 48.157253 40.687740 -3.855111 -1.562538 -4.693689 
51.900402 49.610104 42.553371 -3.991431 0.154786 4.847541 
53.307659 46.301781 41.309834 -0.847237 -5.862187 -2.036030 
54.214668 49.131706 42.578888 4.943452 2.469945 2.976991 
51.103161 49.512081 41.959850 -3.853116 -0.407502 4.937953 
52.291370 48.859161 39.983963 -3.229055 -2.182917 -4.908975 
52.211601 48.653355 40.122753 -3.614268 -1.566912 -4.881874 
51.648315 50.235817 42.270992 -3.575745 1.495948 4.932155 
53.742279 50.359138 42.266945 3.680910 4.295562 2.627833 
54.954899 48.557571 41.701900 5.031210 3.430450 1.423206 
52.252636 50.964901 41.894527 0.439940 5.357681 3.215863 
51.357086 48.169075 40.904232 -4.696555 -1.739489 -3.732529 
51.513584 47.908173 40.840683 -4.276225 -1.834561 -4.167335 
51.963619 47.674831 42.481663 -3.343119 -1.731647 5.018898 
53.080761 46.491512 40.931942 -1.268021 -5.593596 -2.503203 
49.881367 49.677818 40.988667 -5.633328 -1.393373 1.826108 
54.036415 46.646599 42.649544 2.894569 -3.588048 4.220791 
53.550198 50.366287 42.476654 3.193513 4.104980 3.433894 
52.853371 51.419395 40.765881 2.459155 -0.351837 1.516719 
52.784424 48.809509 39.768764 -1.270363 -0.619645 -6.064751 
52.695282 50.925789 41.789017 1.365286 5.914219 1.581528 
52.635712 51.019497 41.547062 2.309206 5.532514 1.830961 
52.485703 46.681328 42.192696 -3.550349 -4.363610 2.652327 
52.972206 49.857300 43.158451 0.821301 2.664362 5.526120 
51.833569 47.915867 42.462063 -3.516727 -1.171154 5.064031 
52.059772 47.906895 42.611454 -3.465285 -1.253772 5.083604 
51.925671 48.144653 42.567589 -3.521376 -0.707698 5.146483 
53.030380 46.876961 40.339279 -0.944788 -4.789633 -3.893396 
52.434387 47.045853 42.487022 -3.423919 -2.996443 4.327089 
53.316601 46.668945 40.582291 -0.042289 -5.045017 -3.715093 
53.553600 46.242081 41.434109 0.163879 -5.933128 -1.953920 
53.940060 48.060131 39.910713 2.794729 0.866903 -5.508166 
52.440166 46.612991 41.919937 -3.528648 -5.037251 1.126896 
54.651691 48.330494 42.557789 4.951544 2.054371 3.242584 
52.936558 50.978699 40.369976 6.173275 0.723502 -0.676049 
52.868156 51.018265 40.075989 2.930411 -0.088224 -1.021471 
52.771427 50.867393 39.887070 2.819747 -0.154427 -1.357343 
52.852840 50.758305 40.084187 5.653340 0.162242 -2.667115 
53.697361 48.142525 39.816097 2.006706 0.704651 -5.845845 
52.557285 51.314281 41.159866 4.515119 1.678086 3.805941 
52.684120 51.483917 40.992138 2.460370 0.336800 1.827036 
54.248924 49.693226 42.019157 5.823128 1.727115 1.528245 
53.227028 50.775627 41.908504 2.021207 5.819173 1.065335 
53.487667 50.657734 41.974823 2.870517 5.355852 1.234317 
51.092537 48.433613 41.239796 -5.667458 -2.244787 -1.348768 
52.262878 46.783382 42.052231 -3.610727 -4.575083 2.168839 
53.992565 47.791851 39.919910 2.589908 -0.408995 -5.625279 
54.020538 47.563972 39.978558 2.393259 -2.001660 -5.333179 
52.784798 50.621571 39.936142 5.411471 0.365373 -3.118506 
52.661312 50.713665 39.702591 2.668175 -0.172583 -1.625141 
51.769466 51.177284 41.743965 0.106305 3.101263 5.430174 
51.770802 51.478764 41.613609 0.345678 1.229518 2.776136 
54.465130 47.170544 40.494751 2.747780 -4.006622 -3.923023 
54.490772 47.019127 40.706924 3.060002 -4.463476 -3.157359 
54.169292 47.975368 40.026638 3.051186 0.788370 -5.403728 
52.657097 46.636734 40.954433 -2.634898 -5.264313 -2.164989 
53.747814 50.273228 40.857864 4.105520 3.670768 -2.947646 
53.715450 50.103249 40.644981 4.111674 3.108239 -3.550588 
53.557903 50.320301 40.681629 3.836743 3.665574 -3.336703 
52.173222 50.612179 42.493584 -2.696035 4.271856 3.458946 
54.380192 49.439156 41.583611 5.820108 2.333521 -0.114184 
54.345497 49.436760 41.277939 5.613568 2.444959 -1.325673 
52.267700 49.529274 42.887226 -4.270672 0.034658 4.606156 
52.292294 49.805088 42.901615 -4.018822 0.429936 4.791890 
50.897617 49.757458 41.840103 -3.397418 -0.432127 5.259327 
51.886993 47.093132 42.024593 -4.030806 -4.132541 2.231891 
53.284386 50.217701 40.317066 3.757222 3.094270 -3.969384 
53.350269 50.383385 40.524181 3.754693 3.553964 -3.557214 
53.509048 50.156269 40.476959 3.795902 3.180493 -3.851362 
54.335773 48.173523 40.174675 3.133731 1.699704 -5.156476 
54.589539 48.086689 40.304012 3.514012 1.182401 -5.001636 
54.405209 47.885971 40.145065 3.271236 0.367790 -5.254675 
50.829567 49.495300 41.749153 -3.676922 -1.319610 4.901982 
50.986263 49.263794 41.820969 -4.373449 -1.080410 4.356308 
53.042561 50.104069 43.011913 1.616592 3.089952 5.121269 
54.488552 49.176727 41.750759 5.482584 2.947364 0.723422 
54.355598 49.445469 41.883945 5.810707 2.140126 0.994534 
53.081413 50.327690 42.827930 2.058308 3.899812 4.411039 
52.286247 48.412018 42.866940 -4.100813 -0.445867 4.736361 
52.161144 48.156914 42.729382 -3.773455 -0.802151 4.953577 
54.207283 47.696247 40.040485 2.939918 -0.922931 -5.380546 
52.430775 46.708897 41.078857 -3.083839 -5.087235 -1.950228 
52.205826 47.660919 42.633884 -3.401837 -1.829580 4.952033 
53.982780 49.117752 40.391384 4.481352 2.063184 -3.886874 
52.633572 50.598610 42.678352 0.362419 5.043404 3.539576 
54.048405 50.135685 41.277172 5.136353 3.195033 -1.606145 
54.070202 49.923721 41.041271 5.245792 2.433327 -2.398861 
53.658199 49.921387 40.447964 4.024196 2.767672 -3.939653 
53.576271 48.022861 43.456959 0.166955 -0.375303 6.165727 
54.491051 48.401176 40.363205 3.149362 2.495998 -4.792297 
54.765419 48.277210 40.485146 3.703592 1.994787 -4.487155 
52.407555 46.639919 41.357391 -3.232445 -5.245118 -1.100260 
50.647865 49.725185 41.682697 -3.393510 -0.764238 5.199398 
53.246590 49.900230 43.036957 2.450212 2.779914 5.045279 
54.482937 49.199448 41.413136 5.337532 3.230579 -0.520613 
54.845440 48.468021 42.154343 4.940693 2.731811 2.537725 
54.681252 48.521187 42.350254 4.770047 2.848295 2.922493 
52.987682 46.698509 42.717331 -3.080480 -3.762070 3.828422 
51.058678 48.596359 41.639248 -5.718495 -1.599216 1.941265 
53.390560 49.460686 39.955452 3.148716 1.883329 -5.044058 
51.697788 47.223598 41.865726 -4.487703 -4.085172 1.323514 
51.560478 47.449997 41.965450 -4.694298 -3.318096 2.391032 
52.013489 48.432941 42.649906 -3.724239 -0.258306 5.049993 
51.066608 48.449364 41.475964 -5.881310 -1.986814 0.513938 
51.033482 51.124954 41.522781 -1.548852 1.290862 2.416446 
51.149944 51.025593 41.643681 -2.811780 2.639095 4.958128 
52.443287 47.663666 42.808060 -3.673839 -1.937176 4.712084 
53.739716 47.149353 43.123489 1.275505 -3.223211 5.199942 
52.904446 47.783600 43.207752 -3.081535 -1.796069 5.147828 
52.898842 47.999332 43.270226 -2.964660 -1.419308 5.336329 
52.723427 47.937771 43.139839 -3.561969 -1.590524 4.903896 
54.051445 48.141045 43.328011 2.892740 0.744660 5.411320 
53.991360 48.420460 43.289776 2.982058 1.718621 5.181550 
53.800079 48.231750 43.413651 1.671638 0.739194 5.928473 
54.121895 47.854427 43.300045 3.171771 -0.675422 5.158710 
51.366611 49.277306 40.121189 -1.348956 -5.266376 -3.082523 
51.112427 49.247013 40.279324 -1.338724 -5.185333 -3.249329 
53.526470 48.322304 43.450939 0.537574 0.469265 6.182083 
52.069569 49.428009 42.698841 -4.152980 -0.007301 4.711024 
52.927460 50.539032 40.152309 5.011660 1.741688 -3.278168 
52.859386 50.376930 39.974289 4.745621 1.464412 -3.816597 
52.500092 50.909554 41.968788 0.608123 5.817435 2.245031 
53.532856 46.592979 40.693584 0.470618 -5.002604 -3.724645 
53.308090 46.518654 40.799435 -0.451293 -5.376084 -3.119138 
51.630600 50.706303 42.033691 -2.043696 3.220393 4.972909 
51.880558 50.708878 42.146378 -2.166173 4.067324 4.226974 
51.810387 50.910839 41.934010 -0.907541 3.962557 4.757895 
54.220165 49.673992 41.155640 5.561335 2.082401 -1.973981 
51.667316 49.743328 39.239662 1.872454 -4.130135 -4.234571 
54.392391 48.538765 42.829884 4.827692 2.420122 3.158011 
54.500591 48.616375 42.569141 4.930718 2.687957 2.809256 
54.279903 48.824074 42.744820 4.721415 2.754836 3.084473 
54.431526 47.362507 40.310467 2.891526 -3.062018 -4.587576 
52.026081 51.526943 41.519073 1.215954 1.060902 2.628082 
54.172447 47.402210 40.137272 2.536479 -2.920893 -4.871395 
53.856789 47.930725 43.414791 1.564302 -0.400584 5.931390 
53.102600 46.814701 42.894375 -2.200515 -3.108512 4.717195 
55.172779 47.919270 40.827301 5.117117 -0.197138 -3.111966 
55.098854 48.176331 40.792030 4.848380 1.844131 -3.228003 
53.498997 49.910931 42.882385 3.264982 2.734671 4.578717 
52.369652 47.434635 42.650661 -3.419731 -2.172380 4.800006 
52.596588 47.428509 42.822102 -3.672602 -2.198947 4.598974 
51.252926 47.795906 41.591488 -5.759350 -2.037822 0.507411 
51.500980 50.445858 42.112526 -2.852956 2.039645 5.180587 
53.559399 46.951611 43.027935 0.471474 -3.356836 5.255316 
53.459896 47.157532 43.158794 -0.289240 -3.073439 5.408213 
53.283661 46.977726 43.034843 -1.123738 -3.022132 5.308162 
54.154945 46.860596 42.745800 3.152337 -3.313833 4.241078 
53.915073 46.787304 42.824635 2.088948 -3.475299 4.769387 
52.688118 50.468422 39.771313 5.060235 0.206135 -3.682327 
51.387306 47.519478 41.505070 -5.035065 -3.458647 -0.190697 
51.377083 47.599148 41.809498 -5.096166 -2.812590 1.678523 
53.793747 46.314869 41.301579 1.339992 -5.769033 -1.946119 
53.771515 46.410881 41.042465 1.115980 -5.576545 -2.552417 
54.010632 46.425407 41.181793 2.338649 -5.399445 -2.004078 
54.107018 49.650040 40.891758 5.239781 2.058562 -2.773156 
53.635082 49.688663 42.896843 3.646099 2.418948 4.499703 
54.680908 48.539215 40.589935 3.607990 3.186996 -3.955840 
53.092949 46.616238 40.692688 -0.949205 -5.298077 -3.202900 
54.342487 46.653458 42.286961 4.409033 -3.867863 2.231463 
52.245522 49.225948 42.858635 -4.294259 -0.116130 4.584520 
54.392517 48.924553 42.448841 5.035317 2.715737 2.592679 
52.885857 50.920681 41.588181 1.879895 5.909160 0.966540 
51.740513 50.487862 42.229134 -3.168729 2.738978 4.650661 
52.011166 51.042290 41.816547 0.536853 4.346005 4.445465 
51.996449 51.274940 41.644794 1.852960 3.098033 5.093912 
51.890846 47.010910 41.508244 -4.320485 -4.538029 -0.312271 
51.760685 47.151093 41.346142 -4.315125 -4.483359 -0.764323 
55.278473 47.820099 41.126152 5.771480 -0.905760 -0.912820 
54.270870 46.738674 42.530678 3.885286 -3.572461 3.306459 
52.116966 48.970131 42.732277 -4.064432 -0.047426 4.781049 
51.888058 49.022629 42.554298 -3.735014 0.092389 5.048873 
52.693886 47.662548 43.011917 -3.630163 -1.972621 4.723579 
52.058388 50.866467 42.031902 -0.802409 4.929154 3.774776 
54.197468 46.574287 41.076199 3.070961 -4.857076 -2.431017 
54.232639 46.501179 41.332531 3.240119 -5.145461 -1.469457 
53.248417 48.395489 43.450882 -0.660189 0.078614 6.142494 
53.299713 48.113567 43.440407 -1.011584 -0.614599 6.103855 
53.175110 49.668049 43.191280 1.991023 2.528126 5.339397 
54.509331 48.965805 40.908855 4.187682 3.912182 -2.513805 
54.416668 49.192028 41.099014 4.989179 3.269007 -1.903334 
54.633675 48.966808 41.223835 4.630946 4.084688 -1.049508 
53.928493 49.400879 40.465557 4.752955 1.878944 -3.646427 
53.429996 49.679230 43.050728 3.037575 2.490273 4.885736 
53.661274 46.759171 42.884724 0.982034 -3.524938 5.075278 
53.817566 46.952816 42.973919 1.598576 -3.324918 5.062845 
52.034473 49.191978 42.668468 -4.021825 -0.035504 4.824116 
51.983727 50.138691 42.589607 -4.168347 0.977460 4.572356 
52.146175 48.394943 40.236824 -3.616129 -1.111020 -5.009992 
52.327442 48.462181 40.085129 -3.700854 -1.159069 -4.941321 
53.195553 48.342136 39.748508 0.045771 -0.167453 -6.260502 
53.237930 48.069920 39.752380 -0.151201 -0.151890 -6.259227 
53.385693 46.765659 42.912338 -0.312338 -3.567971 5.099599 
54.272198 49.156216 40.786652 4.608156 2.919836 -3.086319 
53.718029 49.493526 40.254795 4.345141 1.942804 -4.077022 
53.345024 49.445408 43.213947 2.530367 2.205735 5.263251 
54.474606 46.857788 42.378429 4.469440 -3.455535 2.658846 
53.745850 48.538418 43.371574 2.022537 1.481101 5.667208 
54.151608 50.099030 41.712833 5.354050 3.053952 0.095693 
53.441185 50.714779 41.670250 2.718599 5.620152 0.361181 
52.770584 47.182930 42.841801 -3.600238 -2.385010 4.559635 
53.678452 50.568298 41.777515 3.580104 5.079177 0.580705 
53.877575 50.399780 41.849445 4.150238 4.592962 0.736786 
53.842392 50.442089 41.566040 4.194176 4.635684 -0.210452 
51.467403 47.691730 42.058746 -4.811145 -2.184642 3.220775 
53.501442 46.565346 42.764565 0.002317 -3.981944 4.761827 
54.965160 48.401855 41.931450 5.331665 2.532146 2.069664 
52.268539 47.568356 40.337620 -3.696913 -1.909734 -4.697761 
53.058445 50.290947 40.153988 4.132755 2.551818 -3.964803 
53.438034 49.972237 40.274769 3.739435 2.842981 -4.164593 
53.590431 49.732655 40.258171 3.946784 2.508071 -4.181509 
53.017448 50.783073 42.113655 1.409852 5.823726 1.825662 
52.931835 48.507954 39.755966 -1.217908 -0.411811 -6.076176 
50.376507 49.583420 39.363819 -0.407585 -2.843112 0.213680 
50.449066 49.598949 39.562271 -1.295297 -6.104469 0.257047 
50.212574 49.651196 39.591782 -0.787207 -3.091346 0.096390 
52.501434 48.387943 39.973736 -3.423958 -0.977482 -5.171719 
52.641296 48.576439 39.855469 -2.632244 -0.931844 -5.607404 
54.625565 47.781651 40.301888 3.867609 -0.321556 -4.854867 
53.092045 49.458893 43.306839 1.021889 1.711053 5.785551 
53.201210 50.039181 40.116138 3.611790 2.718457 -4.357020 
49.927383 50.371113 41.008572 -2.416662 0.655631 1.913054 
50.091518 50.330727 41.198322 -4.089485 1.621487 4.446125 
50.132271 50.535351 41.145561 -1.961504 1.032210 2.243019 
52.048088 47.707771 40.457443 -3.786061 -1.584217 -4.740041 
52.122257 47.448410 40.506367 -3.655914 -2.406895 -4.477990 
53.191284 48.572456 39.736515 0.459259 0.127319 -6.172830 
54.658508 47.370220 40.461327 3.552443 -2.759331 -4.217751 
54.598278 47.543476 40.333996 3.688869 -1.747401 -4.709624 
52.521210 48.831829 39.860695 -2.532334 -1.554510 -5.518328 
53.446384 48.235500 39.764675 1.002054 0.339125 -6.152793 
53.148144 49.195637 43.361401 0.481324 1.090759 5.958032 
52.755325 46.967636 40.349476 -2.548848 -4.253808 -3.741677 
54.804966 48.675220 41.929504 4.835475 3.511484 1.793859 
53.457222 48.622543 43.419724 0.835423 1.100806 6.066255 
53.800686 49.681992 40.440365 4.466059 2.186768 -3.782787 
51.852428 50.309284 42.418087 -3.962417 1.867250 4.466037 
52.627041 49.061020 39.757725 -1.001253 -1.236557 -6.003858 
53.351936 49.750614 40.062401 3.459839 2.397465 -4.632162 
52.224541 47.833744 40.287304 -3.750741 -1.225413 -4.884141 
50.642620 49.419178 40.140377 -1.496261 -5.564436 -2.478118 
54.021938 50.266891 41.672558 4.688561 4.119135 -0.021964 
51.955746 50.547859 42.364895 -3.319528 3.499683 3.922595 
52.958824 50.864658 41.849773 1.466376 5.974871 1.150850 
52.480652 47.138134 40.419224 -3.504901 -3.408845 -3.909801 
52.682064 47.211910 40.165554 -3.307243 -3.114128 -4.179797 
54.366417 47.565342 42.990150 4.302530 -1.631308 4.230554 
54.330124 47.819756 43.116405 4.386768 -0.763984 4.285586 
53.197090 49.301899 39.816002 2.006672 1.126888 -5.783683 
54.423782 47.598141 40.184856 3.200448 -1.529807 -5.045807 
51.537506 47.367798 41.697521 -4.672364 -4.060185 0.771869 
54.807426 47.627861 40.490326 4.263341 -1.220852 -4.367313 
53.016857 48.201416 43.373898 -2.209674 -0.875416 5.757403 
50.878288 48.922874 40.970753 -3.989139 -4.518725 -1.578112 
51.681694 49.552315 42.386929 -3.703495 0.243236 5.068574 
54.912846 48.602119 40.991909 4.519287 3.875902 -1.827983 
52.231552 47.218491 40.574535 -3.489487 -3.337479 -4.002193 
52.312431 47.351646 40.408844 -3.574608 -2.686635 -4.392178 
55.217236 47.946365 41.608452 5.907946 -0.049492 1.884677 
55.247810 47.738262 41.414291 5.881992 -1.378879 0.893772 
54.955734 48.208450 42.128620 5.490354 1.435679 2.574466 
52.049427 46.898167 41.909477 -3.931428 -4.584174 1.480602 
51.832729 49.318108 42.506687 -3.793963 0.125271 5.003412 
54.385345 46.972759 42.624096 4.101877 -2.989193 3.608482 
53.121239 50.461025 40.356789 4.316693 2.914309 -3.468341 
50.519279 49.526165 39.940369 -1.817868 -5.793568 -1.587987 
50.766079 49.484138 39.879589 -1.177614 -5.953391 -1.575387 
54.192669 47.343445 43.033825 3.231308 -2.602612 4.662881 
53.031078 47.905842 39.779205 -1.271771 -0.548970 -6.070273 
53.708244 50.491093 42.034157 3.643634 4.824058 1.574148 
53.153893 50.834404 41.632576 2.120224 5.874524 0.499798 
52.051151 50.392536 42.565418 -3.815472 2.404690 4.276704 
52.256996 50.470264 42.687408 -3.020011 3.217951 4.305131 
51.570782 49.338833 42.319496 -3.681168 0.194845 5.087371 
52.417103 46.602818 41.639713 -3.399659 -5.258494 -0.086127 
52.962437 50.745243 40.331779 5.505247 1.655611 -2.294706 
55.019344 47.946743 42.065338 5.705348 0.311073 2.568774 
55.061855 48.151314 41.911934 5.600945 1.275909 2.468570 
51.413486 49.153477 42.208561 -3.932771 0.025677 4.891386 
53.119213 46.735962 40.501827 -0.618964 -5.027053 -3.658656 
54.240498 47.115143 42.857071 3.432184 -2.877129 4.361953 
53.182449 50.629101 40.612659 4.209554 3.841606 -2.555751 
50.941368 49.044186 41.686306 -5.014713 -1.854707 3.248964 
51.086124 49.062443 41.896862 -4.719641 -0.834400 4.017585 
51.713226 47.175613 41.599072 -4.412595 -4.442353 0.087034 
53.285118 47.793331 39.763279 -0.027934 -0.811045 -6.165623 
53.082588 47.642368 39.804089 -0.943401 -1.206311 -6.018534 
54.029774 46.964672 42.896111 2.513947 -3.165125 4.769272 
54.642696 48.985386 41.544460 4.933114 3.847005 0.323258 
54.776958 48.836960 41.418770 4.709913 4.117764 0.014965 
53.065994 50.883141 41.364128 2.457471 5.754794 0.080343 
54.482746 47.231625 42.694675 4.429526 -2.422069 3.695419 
52.174759 50.233948 42.739666 -3.826669 1.509408 4.672137 
52.325890 50.073345 42.892807 -3.451169 1.128738 5.063752 
52.491955 46.792130 40.820408 -3.110132 -4.716107 -2.690205 
52.126312 47.094978 40.786949 -3.380561 -4.033082 -3.383762 
53.545757 46.334194 41.168652 0.103839 -5.808031 -2.281319 
54.778816 48.634125 40.797234 4.118584 3.711969 -2.849819 
54.724880 48.792446 40.973171 4.197647 4.205897 -1.930221 
51.872570 47.036572 41.759117 -4.328259 -4.483752 0.675702 
52.034290 46.865326 41.648777 -4.002210 -4.752389 0.191284 
52.198067 48.696655 42.802544 -4.099081 -0.095030 4.756905 
51.308380 47.919441 41.908073 -5.496127 -1.501545 2.461465 
54.244705 49.419594 40.989376 5.252774 2.369954 -2.483281 
50.261917 50.396500 41.313595 -3.698592 1.839648 4.714446 
50.357651 50.687355 41.247608 -1.819812 1.145311 2.293656 
50.756992 48.996288 41.143124 -3.971916 -4.809574 0.258846 
50.719398 49.990696 41.742737 -3.380463 0.219742 5.256057 
53.736454 50.432064 41.094334 3.946098 4.406336 -1.961985 
53.931015 50.207264 41.053356 4.685605 3.330296 -2.224155 
54.073086 49.064278 42.833778 4.423682 2.599863 3.612796 
52.235001 49.214882 39.801716 -1.627989 -3.328027 -5.046648 
52.208046 49.428383 39.663242 0.198886 -3.346527 -5.224984 
52.440273 49.260696 39.738510 -0.575376 -2.118602 -5.845461 
51.340714 50.708103 41.920391 -2.365500 2.574745 5.175934 
54.314022 46.852154 40.769176 2.906953 -4.455499 -3.305766 
54.384472 47.347008 42.881790 4.093644 -2.223863 4.103671 
54.683243 47.184254 40.651833 3.521456 -3.974014 -3.093169 
51.705303 49.966282 39.095661 1.300955 -1.592513 -2.339912 
51.450462 49.838356 39.054737 0.942193 -2.138859 -2.005372 
54.579094 48.106140 42.769047 5.107742 0.920942 3.496071 
54.523514 49.030193 41.971684 5.277966 3.078814 1.444577 
54.640514 48.913597 41.816002 4.948704 3.634809 1.292104 
49.828602 49.758450 40.760323 -5.831559 -2.210474 0.250076 
53.811596 46.235455 41.570683 1.695111 -5.751514 -1.655190 
54.917404 48.412704 40.739468 4.314586 3.057253 -3.268995 
54.556667 47.526524 42.757961 4.766599 -1.418312 3.794367 
52.359203 46.993706 40.678059 -3.354403 -4.033141 -3.428632 
51.623634 49.260975 40.040588 -1.472124 -5.115805 -3.256452 
51.576157 47.323750 41.423306 -4.539642 -4.271563 -0.542369 
54.472355 48.997807 42.189465 5.199604 2.850015 2.063695 
53.560802 50.479538 40.895596 3.770053 4.323741 -2.485080 
49.879795 49.683308 40.558414 -5.082673 -3.510054 -0.803947 
51.741833 47.715599 42.343174 -3.660029 -1.724996 4.772635 
51.642273 47.561970 42.182880 -4.224030 -2.468656 3.868392 
51.187004 48.092148 41.649529 -5.954074 -1.433524 1.097577 
49.808792 49.890400 40.894783 -5.737730 -0.761827 1.942487 
52.495972 49.502419 39.665321 1.066331 -1.493383 -5.967217 
52.329227 49.729748 39.542610 2.273615 -1.922651 -5.470208 
52.552757 49.711582 39.650913 2.448339 -0.628985 -5.733815 
53.895439 50.354748 41.297073 4.462568 4.151300 -1.209821 
53.997814 50.272579 41.461666 4.761854 3.959944 -0.794308 
50.572296 50.228672 41.608028 -3.640186 1.194483 4.945213 
50.495911 49.965374 41.589951 -3.612081 0.300401 5.107335 
53.871468 49.259277 42.927811 4.016940 2.501504 4.121860 
53.900246 50.039955 40.829826 4.702184 2.775791 -3.028725 
54.422348 48.054932 43.006168 4.935949 0.457710 3.795676 
54.504898 47.809132 42.897587 4.939372 -0.470459 3.784026 
53.647133 50.601688 41.558563 3.562625 5.121191 -0.048856 
54.511562 46.897766 40.918884 3.569195 -4.421765 -2.650971 
54.144676 46.691883 40.849369 2.706494 -4.552526 -3.359751 
50.807461 50.982761 41.437771 -1.721098 1.309372 2.285743 
50.583473 50.836487 41.344437 -1.793695 1.247685 2.259173 
50.766335 50.726570 41.553596 -3.518223 2.411034 4.603294 
55.155434 47.683857 41.693687 5.782419 -1.342279 1.845837 
55.125462 47.473591 41.487526 5.508322 -2.792026 0.712723 
54.946621 48.169300 40.609364 4.250900 1.465557 -4.198703 
51.084545 50.584026 41.841698 -2.984773 1.994439 5.110643 
51.256313 48.974842 42.065086 -4.430474 -0.464711 4.401040 
51.099304 48.814976 41.843807 -5.153777 -1.206140 3.303505 
52.723228 49.584576 39.708675 1.750674 0.040423 -6.005330 
54.599258 48.761692 40.728146 3.610663 3.910271 -3.236440 
54.124012 50.113243 41.504776 5.272059 3.175357 -0.836329 
52.327656 47.240681 42.532146 -3.289347 -2.561117 4.692948 
52.620342 46.491043 41.487869 -2.972193 -5.432850 -0.854033 
52.576851 51.135086 41.316658 3.677164 4.316582 2.442149 
52.462200 48.674973 43.046772 -4.146657 -0.206027 4.709585 
52.807938 50.992100 41.329273 2.851663 5.479773 1.003631 
52.655575 46.982143 42.631645 -3.647841 -2.830029 4.251071 
52.480301 50.152996 39.556488 3.949064 -0.624713 -4.833605 
54.559307 48.762291 42.296009 4.936439 2.999683 2.466604 
52.987072 50.868488 40.594845 5.386875 2.911156 -0.898035 
53.495678 47.962780 39.763088 0.815907 -0.194217 -6.170642 
50.165794 49.764660 41.351562 -3.907442 -0.311011 4.853633 
51.234852 49.401859 39.894215 -0.886845 -5.843960 -2.104630 
51.476536 47.485958 41.221947 -4.783467 -3.483123 -1.788703 
50.779408 49.048859 41.398190 -4.534368 -3.677395 2.137630 
52.504761 48.370174 43.061497 -4.114013 -0.593269 4.702169 
53.306946 46.401581 41.048416 -0.731668 -5.730047 -2.419037 
54.834698 47.962715 40.484856 4.129029 0.218111 -4.680889 
54.194046 48.316479 43.187519 3.825597 1.649256 4.602759 
53.978107 46.525471 40.932755 2.192293 -4.883637 -3.054301 
52.873493 46.749264 40.559780 -1.733654 -4.901499 -3.421470 
51.384022 48.389210 42.142391 -4.757034 -0.433208 4.034697 
51.612255 48.363152 42.362297 -3.988796 -0.289141 4.818675 
50.401814 49.721649 41.520931 -3.518311 -0.681965 5.107855 
51.896183 47.563335 40.640972 -3.925638 -2.056274 -4.428469 
54.046062 46.307941 41.728241 3.143396 -5.339703 -0.792284 
49.776299 50.198338 40.820103 -2.816828 0.106074 1.379926 
49.985268 50.161987 41.148579 -4.631443 0.971372 4.018641 
49.765938 49.945286 40.733929 -5.939874 -1.339316 1.220281 
51.316696 48.702160 42.094517 -4.664107 -0.506813 4.153874 
53.877502 50.335354 42.073311 4.096822 4.368448 1.772313 
50.046524 49.481106 40.570518 -3.950327 -4.349819 -2.042894 
54.061604 50.192562 41.946404 4.834073 3.609051 1.191139 
53.319393 47.530193 39.824276 0.394877 -1.999791 -5.866894 
54.843304 48.746597 41.216507 4.615404 4.141623 -0.756442 
51.133652 49.349865 40.076553 -1.138510 -5.633034 -2.504748 
51.617146 47.463783 40.995975 -4.486611 -3.030295 -3.070360 
50.869160 50.527744 41.721355 -3.375972 1.890561 4.929563 
50.941635 50.767044 41.659836 -3.259746 2.471699 4.757605 
51.803516 48.326530 42.499790 -3.620824 -0.319824 5.119720 
52.590179 48.138275 43.092651 -3.897887 -1.151233 4.776965 
53.987381 49.825439 40.805645 5.060446 2.217881 -2.973488 
52.003334 47.313572 40.688229 -3.603225 -3.026059 -4.106290 
54.589020 47.103172 42.454018 4.666170 -2.806000 3.095498 
51.793266 47.405735 40.822994 -4.119174 -2.713635 -3.814265 
51.747646 47.292015 40.990448 -4.358790 -3.577827 -2.644033 
53.109726 47.408123 39.867630 -0.532892 -2.471020 -5.616034 
54.920246 48.659237 41.455830 4.850066 3.951564 0.405598 
50.284069 49.965614 41.434933 -3.735436 0.465608 5.010131 
50.611950 49.565296 39.170734 0.143381 -2.725577 -0.144184 
50.706955 49.562878 39.310928 0.037265 -6.225153 -0.625858 
52.963165 50.124718 39.976639 3.875730 2.068894 -4.464146 
50.374260 50.192635 41.463104 -3.738055 1.187632 4.894236 
50.183136 50.172131 41.319958 -3.869647 1.181119 4.793868 
51.945282 50.104248 39.163834 1.665709 -1.253394 -2.308357 
51.969250 50.001633 39.236847 3.111426 -2.548771 -4.811649 
53.500011 50.636261 41.164970 3.336605 5.093809 -1.382465 
50.102558 49.991081 41.292675 -4.127430 0.514267 4.644254 
53.702705 50.537693 41.348713 3.836422 4.832787 -0.960937 
55.180779 47.548550 41.203129 5.452639 -2.782726 -0.536467 
55.120007 47.918926 41.835239 5.761669 0.018528 2.460893 
54.852070 47.385620 40.645401 4.350491 -2.725016 -3.332902 
52.599037 46.877953 40.582981 -2.992939 -4.291123 -3.408116 
51.517963 48.145786 42.258705 -4.306190 -0.654339 4.487855 
54.356560 46.736778 40.985485 3.293722 -4.579038 -2.719692 
54.233292 48.424393 40.217278 3.185559 2.360483 -4.867343 
53.080616 49.868317 39.928825 3.211129 2.078167 -4.946853 
50.329872 49.620331 39.839565 -1.800922 -5.886057 -0.869603 
50.031345 49.708344 39.813793 -1.101834 -2.876902 -0.333114 
54.947071 47.728935 42.222717 5.592422 -0.433020 2.751701 
55.055759 47.683308 41.964096 5.758863 -0.857181 2.240216 
54.637009 46.828972 41.340778 4.429532 -4.283450 -1.019249 
54.446548 46.616859 41.483875 3.996394 -4.711784 -0.767023 
54.411289 46.661697 41.217503 3.691108 -4.715966 -1.753937 
52.159958 50.251511 39.265350 1.810126 -0.867362 -2.404514 
52.327168 50.060234 39.455154 3.511336 -1.325773 -5.025959 
49.787437 49.858402 40.588654 -5.654623 -2.694385 0.392137 
53.310734 47.327438 39.917202 0.594423 -3.100052 -5.374629 
53.153000 49.589382 39.876656 2.703164 1.635982 -5.407692 
52.879078 46.906368 42.778950 -3.585431 -2.772238 4.319714 
50.509502 50.622238 41.404007 -3.632627 2.307383 4.570637 
54.669704 46.974098 42.163860 4.763638 -3.439576 2.120172 
50.056622 49.651463 40.149368 -2.925791 -5.386412 -1.283295 
49.860859 49.776829 40.047356 -1.686709 -2.491753 -0.234011 
54.837551 47.227394 40.844734 4.398972 -3.894940 -2.098249 
54.980904 47.407242 40.852779 4.799461 -3.214783 -2.320106 
54.798004 48.779037 41.646347 4.817265 3.895399 0.960389 
54.669544 47.809380 42.673309 5.043745 -0.226186 3.693717 
51.241817 48.232841 41.904827 -5.534224 -0.941595 2.690141 
51.366726 48.123936 42.086449 -5.017827 -0.847072 3.587579 
52.836121 48.382599 43.314709 -2.980175 -0.548681 5.445930 
52.672375 48.528351 43.218388 -3.677719 -0.274774 5.049100 
52.670521 48.316643 43.193439 -3.756480 -0.778631 4.953286 
52.689434 46.714443 40.737068 -2.546268 -4.922688 -2.814401 
55.029583 47.397312 41.798061 5.630898 -2.301708 1.350132 
52.806267 49.070526 43.301041 -2.416230 0.121243 5.720081 
55.128613 47.620541 40.891884 5.121470 -2.155673 -2.532090 
55.003708 47.781895 40.659943 4.583204 -0.892526 -4.124221 
54.966503 47.563389 40.695782 4.750750 -1.916455 -3.558207 
54.315174 48.583927 40.361488 3.112326 2.956027 -4.583427 
54.459328 48.665707 40.514851 3.183152 3.386991 -4.186877 
53.535583 46.448101 40.916874 0.158084 -5.510708 -2.923430 
53.357983 47.337994 43.235706 -1.218559 -2.498684 5.583385 
50.918816 49.370007 40.127541 -1.094932 -5.619562 -2.539039 
51.536411 50.999466 41.816586 -1.369097 3.029951 5.315066 
52.336533 48.947819 42.936123 -4.278934 -0.137270 4.598634 
52.434483 49.150925 43.038757 -4.231876 -0.171239 4.636220 
51.653236 47.300014 41.174957 -4.489462 -4.006901 -1.625903 
54.138271 48.559258 43.115444 3.882313 2.342632 4.314431 
53.748863 46.534634 40.806168 1.163784 -4.928780 -3.539711 
51.789822 47.877354 40.618259 -3.861081 -1.563370 -4.697027 
50.788948 50.267677 41.751221 -3.366570 1.166971 5.135217 
52.781364 48.160595 43.241833 -3.306066 -1.159131 5.184088 
53.537075 49.559067 40.111664 3.836044 2.185737 -4.443141 
54.673790 47.060535 40.871807 3.819366 -4.396178 -2.325015 
54.834145 47.524086 42.377110 5.208665 -1.327942 3.140482 
54.719700 47.598587 42.565899 4.990186 -1.076196 3.626780 
55.151932 48.112568 41.736290 5.618931 1.037268 2.484761 
54.335358 48.234787 43.076881 4.580244 1.320331 3.995148 
54.298363 48.433247 43.020679 4.463689 2.149499 3.833282 
51.302887 50.993484 41.741478 -2.241973 2.725843 5.187116 
52.123539 49.908508 39.375702 2.868712 -2.250625 -5.090702 
54.671795 47.367687 42.530834 4.804091 -2.009622 3.478199 
54.948261 47.453445 42.120312 5.517683 -1.659465 2.313629 
54.398212 46.604729 42.037907 4.452310 -4.243492 1.180307 
51.131783 48.252510 41.427238 -5.977167 -1.792893 -0.179545 
52.942287 49.436066 39.761204 1.675269 0.565859 -5.987953 
53.851246 49.873917 40.628056 4.574140 2.474337 -3.469081 
54.678028 46.956947 41.086285 4.243934 -4.243234 -1.751683 
51.011372 50.944664 41.607700 -3.125186 2.671481 4.744922 
55.035927 47.328045 41.261623 5.023915 -3.678236 -0.479306 
54.579617 46.769730 41.944504 4.600471 -4.088538 1.093923 
54.501873 46.765244 42.165005 4.518697 -3.917979 1.860330 
54.437687 46.596302 41.769833 4.241981 -4.578650 0.227171 
54.106564 48.804150 42.991264 4.123359 2.716166 3.852517 
52.193005 48.105145 40.256229 -3.723297 -0.975786 -4.966142 
53.342384 50.654720 40.888897 3.468148 4.789247 -1.967027 
52.015972 47.984764 40.412876 -3.734552 -1.148518 -4.919020 
52.901176 48.620464 43.355007 -2.404292 0.079847 5.741600 
54.247471 46.435486 41.887875 3.915595 -4.855152 0.159594 
51.195396 49.226311 42.022083 -4.228657 -0.274756 4.631014 
51.348927 49.399792 42.152973 -3.854500 0.035480 4.959013 
52.413074 48.628288 39.976082 -3.379850 -1.375752 -5.104942 
51.670200 47.647884 40.815372 -4.167353 -2.143552 -4.161125 
53.196968 47.199337 43.126671 -2.001586 -2.562453 5.294808 
52.017578 48.216682 40.364082 -3.581936 -1.075314 -5.047257 
51.896980 48.421642 40.398563 -3.395197 -1.305642 -5.121427 
52.376396 50.333908 42.849293 -2.589064 2.386548 4.983789 
54.616711 48.841496 42.060341 4.909872 3.387394 1.947381 
50.498962 49.574989 39.731197 -1.602452 -6.023807 -0.712753 
54.805027 47.114414 41.024422 4.459935 -4.098318 -1.573757 
54.437710 48.294777 42.916260 4.965949 1.601868 3.430863 
50.196712 49.488907 40.354717 -2.882321 -5.001734 -2.448332 
49.973721 49.643559 40.357552 -3.961614 -4.612204 -1.485034 
52.523499 47.217861 42.660698 -3.544004 -2.458542 4.565601 
54.810337 46.992435 41.565361 4.884456 -3.877959 -0.208637 
54.972530 47.231689 41.522640 5.259226 -3.393592 0.078424 
54.912640 47.141205 41.753502 5.259390 -3.228906 0.653307 
54.762249 46.960098 41.852795 4.825779 -3.834158 0.974194 
51.019852 49.421329 39.934978 -0.990988 -5.902798 -1.898124 
53.324532 50.768158 41.397701 2.669388 5.649895 -0.366332 
53.530575 50.670567 41.427185 3.099181 5.370324 -0.531694 
52.696869 49.321693 39.719521 0.511957 -0.661774 -6.193183 
54.031750 46.359322 41.449715 2.644939 -5.495559 -1.390547 
52.454437 50.520611 42.754574 -1.416767 4.050603 4.341989 
53.405338 50.498344 40.717003 3.742051 4.055740 -2.974200 
51.632435 47.932652 42.319641 -3.933410 -1.076460 4.749414 
51.714729 48.137802 42.418297 -3.738174 -0.694212 4.989484 
53.023369 47.055798 42.965935 -2.942384 -2.475889 4.925047 
54.250546 46.454292 41.605579 3.523993 -5.112149 -0.697023 
54.879349 47.183887 42.005161 5.183629 -2.893609 1.779214 
49.907425 49.730164 40.214314 -3.886236 -4.851113 -0.667777 
49.745724 49.883102 40.306984 -2.398137 -1.878440 -0.067314 
52.211151 46.744907 41.513206 -3.517271 -5.156712 -0.482128 
51.199898 48.197445 41.159763 -5.586850 -1.805768 -2.093655 
51.829475 47.143406 41.108395 -4.065933 -4.401689 -1.713038 
53.722328 46.676231 40.644131 1.305822 -4.701840 -3.952639 
51.193985 48.515003 41.893105 -5.348813 -0.960457 3.088958 
51.134151 48.354851 41.671394 -5.858596 -1.437962 1.630813 
54.519199 48.380810 42.733799 5.066260 2.007236 3.101699 
52.869343 46.599407 40.817398 -1.800905 -5.364927 -2.609253 
52.374977 49.049767 39.842976 -2.193038 -2.443853 -5.329824 
53.494576 49.182617 43.255116 2.452350 2.120757 5.297641 
52.227482 46.736229 41.781559 -3.594911 -5.066152 0.682809 
53.997726 47.141537 43.021885 2.387007 -3.050631 4.921471 
51.463680 47.927509 42.155262 -4.725584 -1.233809 3.872703 
49.703876 50.028988 40.583141 -2.845453 -0.976525 0.593314 
54.132046 48.645157 40.270016 3.519718 2.638098 -4.480670 
53.970730 49.640293 40.655499 4.975202 1.986657 -3.269440 
53.338558 48.909843 43.379906 0.931501 1.204611 6.024185 
55.067341 47.423363 41.048412 4.987930 -3.444851 -1.436535 
54.526970 46.805981 41.107540 3.895503 -4.452302 -2.026224 
55.020111 48.003849 40.662678 4.534734 0.288099 -4.284696 
54.785774 47.256336 42.288689 4.963755 -2.494627 2.802959 
53.029903 48.451057 43.401886 -1.831257 -0.129488 5.949255 
53.164722 48.650013 43.420525 -0.643479 0.602162 6.163349 
52.723053 48.793297 43.260334 -3.266876 0.015896 5.311866 
52.914265 49.714745 39.792583 2.537754 1.132621 -5.608113 
51.289917 49.645782 39.214230 1.243646 -5.165949 -3.237727 
51.904686 47.188736 40.886250 -3.699828 -3.839045 -3.048671 
53.922344 46.674126 40.729172 2.015203 -4.564777 -3.808920 
50.643543 50.523418 41.558125 -3.603177 2.005930 4.723580 
54.936886 47.263550 41.050655 4.746166 -3.873877 -1.360208 
54.848606 47.095959 41.264915 4.800626 -3.937653 -0.877139 
54.625584 46.781605 41.660145 4.568907 -4.269541 0.044396 
54.252155 48.638966 42.947468 4.401730 2.615656 3.591554 
51.134480 50.835693 41.745449 -2.802835 2.667182 4.936534 
53.906898 48.984886 43.063194 3.795539 2.586354 4.271007 
54.090561 49.217834 40.582413 4.677160 2.268972 -3.523797 
53.625584 49.426823 43.042175 3.455258 2.451727 4.628278 
50.330708 49.549507 40.093746 -2.134823 -5.541602 -1.972217 
51.826740 48.178513 40.506214 -3.586917 -1.294439 -4.992400 
54.260071 48.070938 43.188931 4.122419 0.485110 4.604315 
54.701496 48.656235 42.158916 4.684092 3.345181 2.513684 
54.102959 49.413647 40.728138 4.987039 2.152351 -3.148532 
53.397686 48.492676 39.771980 1.519200 0.536139 -6.020009 
53.939999 48.706795 43.199966 3.384295 2.313026 4.711643 
53.680115 48.886784 43.287392 2.546276 2.021067 5.250890 
53.221123 50.785191 41.128258 3.004507 5.438462 -0.869524 
49.933308 49.892628 41.124916 -4.986228 0.018089 3.636337 
51.577496 47.761566 42.225140 -4.202337 -1.707345 4.253813 
53.725349 49.155243 43.117535 3.475357 2.505876 4.578478 
52.510170 49.923492 39.597832 3.269561 -0.661779 -5.304654 
53.007980 48.878399 43.381420 -1.292603 0.488358 6.016795 
50.451839 50.442398 41.439556 -3.693593 1.886424 4.713068 
52.556072 48.977745 43.137894 -3.884673 -0.156180 4.918930 
