58.332703 38.691166 43.540100 3.717143 4.675757 -1.918318 
58.198574 38.868103 43.771507 2.860599 5.332357 -1.596528 
58.497765 38.686867 43.802967 3.720656 4.533599 -2.142572 
57.785908 38.522465 41.446152 4.995501 2.020090 -3.195123 
57.915474 38.540833 41.677780 5.082022 2.438157 -2.726566 
57.925812 38.312603 41.544621 5.056785 1.616161 -3.331982 
56.766491 37.805809 40.562786 1.637305 -2.104469 -5.395057 
57.040043 37.866776 40.690163 2.926998 -1.294057 -5.361780 
56.901875 37.603710 40.728722 1.892427 -2.707315 -5.303717 
57.488243 37.052490 41.404125 3.230824 -3.338464 -4.219125 
57.638412 37.321644 41.326180 3.827148 -2.658742 -4.170727 
57.763439 37.182533 41.536678 3.797834 -2.743127 -4.162998 
58.201336 38.952297 44.134224 2.195568 5.793798 -1.005923 
58.358040 38.906288 44.218781 2.507776 5.664481 -0.890304 
58.336514 38.869064 44.007408 2.752765 5.387622 -1.577312 
58.977600 36.705109 43.171955 4.845005 -3.349928 -1.547750 
59.072140 36.931297 43.153095 5.698308 -1.426644 -1.754004 
59.110390 36.867340 43.433887 5.693251 -2.045711 -0.529150 
56.583118 38.035011 40.460205 0.527221 -0.896478 -5.861613 
56.884010 38.093906 40.562954 2.732426 -0.351222 -5.546139 
56.621361 37.568836 40.681709 0.551516 -3.196076 -5.344445 
56.492493 36.011745 42.615215 -1.863421 -5.778799 -0.879322 
56.711510 35.949062 42.755367 -0.849999 -6.059281 -0.025329 
56.456795 36.028152 42.892429 -2.078964 -5.749809 0.867972 
57.757710 38.753880 41.595829 5.041424 2.711674 -2.573943 
57.872719 38.763317 41.841732 5.061810 3.086311 -1.983805 
58.199638 38.977589 44.317673 1.085707 2.921521 -0.348327 
55.818592 37.671120 40.900234 -3.354166 -2.452386 -4.680557 
56.012398 37.524311 40.837467 -2.802187 -2.751348 -4.754775 
55.841450 37.423779 41.048878 -3.377988 -3.278816 -4.144504 
57.179062 37.644863 40.824753 2.718735 -1.929357 -5.246299 
57.444916 38.953884 41.275185 4.181658 3.111261 -3.430391 
57.631393 38.742565 41.348370 4.745117 2.396136 -3.250244 
57.458122 38.717396 41.124622 4.241524 2.204826 -4.024326 
57.597660 38.973969 41.510471 4.650736 3.199561 -2.593095 
57.392601 39.166508 41.451096 3.840496 4.055094 -2.757741 
57.529121 39.172050 41.693340 4.344319 4.025707 -1.880905 
56.073135 37.285831 40.984737 -2.619054 -3.706297 -4.275655 
56.240643 37.413094 40.804314 -1.580328 -3.233308 -5.028781 
57.025299 37.396446 40.880520 1.922875 -3.030741 -5.104842 
57.396027 37.243549 41.178707 3.108804 -3.169586 -4.391226 
57.131126 37.203270 41.058971 2.235249 -3.439953 -4.737226 
57.299419 37.435505 40.985947 2.905830 -2.667262 -4.794661 
57.154797 39.324009 41.418598 2.870829 4.814186 -2.747580 
57.070076 39.478043 41.640507 2.019395 5.512604 -1.762691 
57.314930 39.340210 41.651649 3.426658 4.771025 -2.063000 
56.061340 36.619026 41.718998 -2.310461 -4.581019 -3.584019 
55.954235 36.499817 41.969589 -2.738525 -4.747836 -3.030719 
55.783516 36.703751 41.826374 -2.960453 -4.427814 -3.297211 
55.911736 36.825855 41.576019 -2.749649 -4.197272 -3.751786 
56.265854 36.110497 42.756973 -2.625379 -5.686354 0.046545 
56.245857 36.151257 43.028320 -2.311397 -5.726152 1.088203 
58.788368 37.134167 45.149368 2.321451 -1.601101 1.283270 
58.633228 36.921162 45.102119 1.981434 -2.066766 1.193401 
58.790787 37.021622 44.985310 4.504817 -3.668289 2.355738 
57.338295 36.333817 44.211327 1.393712 -6.090810 0.082837 
57.314518 36.312469 44.405270 0.814244 -3.020177 -0.212863 
57.065495 36.256580 44.259155 0.620056 -3.033661 -0.068242 
56.425167 37.762394 40.560608 -0.861055 -2.531550 -5.449452 
56.339485 36.571056 41.643185 -1.495511 -4.672095 -3.909884 
56.230022 36.447079 41.847832 -1.989083 -4.797159 -3.505768 
57.654778 36.929352 41.630512 3.316623 -3.266820 -4.209640 
56.306423 36.118076 42.488853 -2.301958 -5.648710 -1.319870 
56.391655 38.241642 40.466808 -1.064530 0.352191 -5.958144 
56.451851 38.526741 40.517689 -0.346452 2.028127 -5.701684 
56.689606 38.322067 40.483311 1.458561 0.888364 -5.763736 
58.573933 38.786209 44.158031 3.416445 4.912950 -1.470340 
58.743473 38.539711 43.980835 4.468674 3.800499 -2.135547 
56.860317 37.177700 40.974968 1.305724 -3.581815 -4.957863 
55.513420 39.028812 42.580341 -2.206607 2.202882 0.266405 
55.480846 39.040512 42.331383 -4.250797 4.527676 0.919770 
55.322144 38.830971 42.506241 -2.337020 2.072911 0.548061 
57.851162 37.452133 41.470768 4.440195 -1.770812 -4.031669 
57.724884 37.549618 41.292030 4.345444 -1.680030 -4.172864 
54.790901 37.906746 42.192875 -6.126256 -0.471347 0.752114 
54.845791 37.773041 42.460732 -3.195977 -0.447225 0.346631 
54.845024 38.076302 42.385647 -3.259850 0.518561 0.879641 
57.259457 38.928219 41.055923 3.686155 2.872824 -4.108124 
57.436165 37.695324 40.968819 3.666826 -1.386445 -4.806126 
57.042728 39.103676 41.017136 2.812927 3.785821 -3.990131 
57.226330 39.142227 41.218952 3.390866 3.981314 -3.351509 
57.698421 39.114418 43.962212 1.231119 2.854605 -0.496395 
57.701183 39.060322 43.657032 2.580244 5.652511 -0.902124 
57.448315 39.203468 43.779675 1.420146 2.778816 -0.450609 
57.538757 37.491707 41.138302 3.822116 -2.167238 -4.431513 
57.658855 37.743896 41.162033 4.381918 -0.966426 -4.344613 
56.790718 39.663177 43.244286 1.867065 2.285695 -0.494548 
56.720310 39.610428 42.928482 2.478335 5.545091 -1.415791 
56.554058 39.754833 43.069832 1.029904 2.497088 -1.154835 
59.144688 37.392616 43.700459 6.203576 0.716042 -0.276296 
59.115047 37.623814 43.823624 6.125155 1.156167 -0.582424 
59.143559 37.396729 43.985325 6.259799 0.138698 0.163576 
54.949844 38.471912 41.497459 -5.401306 1.813368 -2.131326 
55.037380 38.705452 41.677311 -4.988319 3.586697 -0.415297 
55.093052 38.630959 41.324066 -4.993083 2.314724 -2.630605 
55.218445 38.900227 41.442177 -4.492415 3.904230 -1.237400 
58.807682 38.613522 44.281849 4.485334 4.014645 -1.606210 
58.934357 38.372288 44.157310 5.201131 2.954780 -1.763746 
57.250755 38.685024 40.919693 3.644426 1.976137 -4.670141 
57.048904 38.884815 40.873798 2.960037 2.588001 -4.838128 
56.945580 35.953194 42.914040 0.082073 -6.105902 0.979561 
56.970562 35.951164 42.616154 0.298414 -6.008536 -1.128885 
57.217945 35.965042 42.782204 1.347004 -5.928139 -0.097433 
57.959225 38.751778 42.099258 5.138270 3.347449 -1.221615 
57.838120 38.957760 42.325188 4.672468 4.142958 -0.366495 
58.040367 38.705112 42.350800 5.119272 3.483724 -0.879453 
58.956692 36.861454 42.934612 4.928207 -2.005904 -2.912487 
59.084152 37.607136 43.540184 5.846951 1.792370 -1.190498 
57.899361 37.050430 41.747700 3.724317 -2.721434 -4.252796 
57.789349 36.797695 41.837261 3.240828 -3.330471 -4.216534 
56.732246 35.998745 42.486740 -0.635316 -5.885393 -1.875204 
57.171745 36.008083 43.068016 0.795759 -5.980761 1.546670 
57.875755 37.758034 41.399132 4.822509 -0.672132 -3.899009 
58.035091 36.911072 41.947617 3.596131 -2.806884 -4.291318 
58.159863 36.766102 42.153164 3.466788 -3.222141 -4.082258 
57.914330 36.662701 42.043694 3.151276 -3.695077 -3.950811 
56.919697 36.312256 41.874584 0.342382 -5.088614 -3.592964 
57.197506 36.289806 41.968777 1.422047 -5.010302 -3.372398 
56.954903 36.173759 42.105492 0.404550 -5.463269 -3.012996 
57.988155 37.318058 41.677181 4.359890 -1.807914 -4.090806 
56.188496 36.748875 41.493774 -1.960881 -4.593282 -3.786582 
56.885269 39.443485 41.412338 1.483375 5.475627 -2.467541 
57.226753 39.470379 41.877094 2.603653 5.473427 -1.041643 
56.592545 39.490208 41.425922 0.017227 5.834901 -1.973812 
56.702003 39.372929 41.206547 0.792195 5.314656 -3.133585 
56.855213 36.240993 43.901707 0.203326 -6.249649 0.452984 
56.804905 36.233528 44.097507 0.175443 -3.101345 -0.084528 
56.543144 36.245350 43.926563 -0.263801 -3.108718 0.220692 
56.679424 36.003902 43.047539 -1.044304 -5.870465 1.666846 
58.145737 38.298851 41.977867 5.567929 2.009771 -2.047900 
58.052555 38.325882 41.753036 5.342804 1.794489 -2.599045 
58.025127 38.539768 41.914825 5.333866 2.637015 -1.908952 
58.355373 36.373520 42.864681 2.482463 -5.312212 -2.089044 
58.132462 36.334465 42.729767 2.325562 -5.418236 -2.107598 
58.324265 36.488132 42.611214 2.939766 -4.675191 -2.914372 
56.781879 39.220711 41.002281 1.169116 4.552303 -3.942391 
56.508995 39.273853 41.042187 -0.018531 4.843210 -3.902012 
58.662979 38.793430 44.660500 1.660509 2.632941 -0.125486 
58.864605 38.653214 44.824451 2.237348 2.057254 -0.085466 
58.821556 38.679867 44.529892 4.196643 4.437668 -0.689722 
58.250164 38.042202 42.028149 5.502534 1.481620 -2.566274 
58.197186 37.783768 41.858162 5.231240 0.321788 -3.415562 
58.130096 38.083664 41.811554 5.526486 1.009250 -2.783177 
57.373684 36.085781 43.219521 1.029061 -5.980119 1.547548 
57.123913 36.091133 43.316116 0.344911 -5.913347 2.080365 
56.291256 39.155148 40.928509 -0.486066 4.376244 -4.416836 
56.048351 39.052036 40.870426 -1.042559 3.751387 -4.829718 
56.099571 39.209366 41.027615 -0.905550 4.935387 -3.727070 
56.168850 38.395405 40.558178 -2.213548 0.902165 -5.684455 
59.053844 38.174717 45.063717 2.982441 0.310975 0.716395 
59.088226 38.265327 44.859291 6.036139 1.161445 0.687978 
59.019398 38.442951 44.975620 2.636478 1.188227 0.354901 
57.438576 38.465469 40.998035 4.081483 1.381533 -4.517040 
58.124439 37.182693 41.880318 4.217100 -1.833104 -4.242665 
58.107334 38.509220 42.153976 5.444557 2.762091 -1.437930 
57.494343 36.318287 42.111118 2.394998 -4.839101 -3.091634 
57.227234 36.156204 42.224342 1.523803 -5.395227 -2.742736 
57.399685 36.476490 41.843773 2.403149 -4.226498 -3.895782 
56.974247 39.287338 41.199291 2.224955 4.825820 -3.235303 
57.015255 38.647114 40.746223 2.947344 2.046021 -5.108405 
59.047264 38.422276 44.755215 5.418794 2.710966 -0.227668 
57.539310 37.967743 41.015377 4.149417 -0.159202 -4.644120 
56.877773 36.131912 43.433590 -0.214970 -5.950245 1.992147 
56.905811 36.038479 43.189106 -0.141553 -5.910531 2.075454 
57.300636 37.919823 40.834034 3.475507 -0.558452 -5.141579 
56.974606 36.052460 42.348900 0.426840 -5.692023 -2.533744 
57.231247 36.031235 42.488102 1.579906 -5.623978 -1.980448 
56.055981 36.216488 42.906433 -2.560932 -5.706009 0.500970 
56.067196 36.205029 42.633770 -2.649637 -5.652767 -0.449831 
56.982838 39.469810 43.415318 2.084565 2.384023 -0.150844 
56.930634 39.499962 43.040901 3.656395 5.068575 -0.253148 
55.973339 37.996490 40.690685 -2.947943 -1.263559 -5.386336 
56.172428 37.885132 40.615673 -2.583188 -1.821426 -5.400176 
55.997578 37.767040 40.749577 -2.853297 -1.967383 -5.226621 
59.074120 38.167625 44.355701 5.889176 1.729718 -0.999851 
59.096188 38.218727 44.648746 6.062817 1.318827 -0.418631 
59.131268 37.927025 44.587418 6.229942 0.438959 -0.027026 
56.965733 38.380840 40.629360 3.044219 1.097523 -5.301200 
56.749203 38.605999 40.595409 1.726183 2.333397 -5.418501 
58.309792 37.333195 42.029659 4.736361 -0.820694 -3.993452 
58.267769 37.040359 42.078693 4.157315 -1.950346 -4.220494 
58.483803 37.213928 42.260410 4.816811 -0.552258 -3.890203 
56.504200 36.712269 41.425900 -0.832462 -4.828012 -3.914669 
56.811852 36.645557 41.475399 0.331533 -4.648464 -4.168084 
56.607758 36.523205 41.625839 -0.594875 -4.727530 -4.071433 
56.771702 39.543003 41.672890 0.458515 6.072769 -1.090184 
56.960205 39.547581 41.912853 0.954665 6.128451 -0.504956 
57.209576 38.424500 40.807545 3.618249 1.169664 -4.972565 
59.108681 38.055649 44.858253 6.169239 0.413032 0.833150 
55.525463 38.860199 40.954514 -3.120545 2.590482 -4.409028 
55.439301 38.564842 40.927067 -3.447755 0.674395 -5.041059 
55.285740 38.761726 41.115593 -4.225770 2.387989 -3.493454 
56.898861 39.519009 42.740852 2.239515 5.831803 0.094133 
56.152210 38.130348 40.565201 -2.707188 -0.602080 -5.572664 
56.759457 36.816734 41.273212 0.408965 -4.607743 -4.175750 
56.509537 38.787785 40.655613 0.200703 3.054082 -5.415615 
58.440063 38.899036 44.491383 1.368959 2.793516 -0.296983 
56.750889 37.373405 40.821381 1.024489 -3.259680 -5.249627 
55.855705 36.303444 42.800014 -2.994874 -5.483221 0.050605 
57.782959 38.275749 41.324303 4.887694 1.200592 -3.720236 
57.541080 36.698105 41.738934 2.937908 -3.659810 -4.171465 
57.420105 36.817623 41.548374 2.886358 -3.669687 -4.192871 
55.666924 39.078007 41.048203 -2.772641 4.211737 -3.465540 
55.763145 39.233185 41.253101 -2.389317 5.397667 -1.842176 
55.879623 39.169559 41.019180 -1.629265 4.598121 -3.536915 
56.296879 39.717068 42.913990 0.191163 2.620378 -1.542850 
56.350403 39.585587 42.698730 -0.348827 5.789514 -2.268610 
56.050400 39.605751 42.783176 -0.802553 2.410790 -1.631080 
57.630161 38.497841 41.213585 4.654822 1.673094 -3.830680 
54.791607 37.896511 41.940186 -5.981101 -1.266160 -0.824477 
54.822781 37.714237 42.092175 -5.859142 -1.834564 -0.409888 
55.643200 36.596485 42.143135 -3.300149 -4.749580 -2.363966 
55.511929 36.818394 41.932209 -3.451587 -4.187730 -3.074407 
56.202400 37.647072 40.700554 -2.068341 -2.505373 -5.348111 
58.134369 36.263943 42.975426 1.804262 -5.886523 -1.098625 
57.960571 36.235973 42.842121 1.980615 -5.811371 -1.251455 
54.847427 38.266407 41.640011 -5.666430 0.744121 -2.107330 
54.879681 38.476547 41.796574 -5.421825 2.772707 -0.428624 
57.438171 36.049709 42.951511 1.846874 -5.935143 0.461925 
57.636543 36.127605 43.132545 1.468119 -6.059508 0.573305 
56.797943 38.848343 40.743813 1.624773 2.814913 -5.322797 
56.634075 36.121410 43.336121 -1.010074 -5.891336 1.895439 
55.841187 37.869995 40.802658 -3.098701 -1.814848 -5.142259 
56.510391 39.641884 42.850254 0.999738 5.670767 -2.420940 
56.335388 38.009460 40.502151 -1.761104 -1.232484 -5.744870 
55.873970 36.314972 43.050201 -2.783720 -5.576731 0.661772 
57.544743 36.159496 43.393932 0.783124 -6.037382 1.516436 
57.306480 36.144653 43.427330 0.532655 -5.949407 1.945356 
57.605064 38.237431 41.098167 4.426665 0.822035 -4.305454 
58.237679 38.681538 43.298153 3.982967 4.606325 -1.507634 
58.425045 38.521507 43.353146 4.365846 4.046443 -1.987462 
58.340618 38.526363 43.158939 4.550553 3.975788 -1.701838 
57.099533 36.173279 43.550320 0.242295 -5.995807 1.852958 
56.816898 36.208527 43.686779 -0.098667 -6.136006 1.301497 
57.746174 38.008129 41.231098 4.710455 0.126366 -4.105965 
58.786976 36.495277 43.226837 3.772603 -4.728369 -1.257288 
58.942577 36.606693 43.452835 4.664390 -4.068587 -0.387682 
58.345394 36.295849 43.137806 1.835831 -5.873675 -0.936808 
58.671173 37.257732 42.498619 4.928677 0.417650 -3.782458 
58.555309 37.492264 42.411499 5.259743 1.097652 -3.224961 
55.363228 36.770123 42.214394 -3.973428 -4.314786 -1.988032 
56.570457 39.056828 40.830982 0.281865 3.775748 -4.925280 
58.102169 38.841160 43.494011 3.180008 5.218573 -1.388245 
54.974491 38.577648 42.011208 -4.876860 3.755697 1.045196 
56.048836 36.259014 43.182556 -2.340527 -5.738951 1.005204 
55.884716 36.344261 43.269730 -2.608483 -5.622590 0.989683 
57.717422 36.155807 42.828865 2.104023 -5.849942 -0.740516 
58.179691 38.657871 43.030373 4.399429 4.332492 -1.079010 
58.361847 38.412037 42.964363 4.946959 3.530502 -1.567017 
58.486526 38.349865 43.174637 4.769750 3.541868 -2.036175 
55.879395 36.390732 42.247078 -3.029239 -5.039994 -2.067401 
55.646873 36.481350 42.456608 -3.530048 -5.013004 -1.275265 
55.379360 38.270077 40.981346 -3.728950 -0.796533 -4.895548 
55.663898 38.341885 40.797050 -2.890049 -0.219986 -5.499520 
57.950035 38.849407 42.579350 4.602677 4.235233 -0.154708 
57.142872 38.149448 40.720486 3.449640 0.118014 -5.200312 
56.429821 39.534790 42.184505 -0.981962 6.197173 -0.050279 
56.379276 39.528515 41.951759 -1.228955 6.139205 -0.114275 
56.211739 39.485714 42.107193 -1.841906 5.993022 -0.043825 
55.336838 38.014301 41.102097 -3.890656 -1.905796 -4.525545 
55.170639 38.215904 41.177597 -4.326653 -1.057039 -4.341720 
57.919724 38.065826 41.451191 5.013327 0.536313 -3.679470 
58.582302 36.423210 43.033047 2.971492 -5.102749 -1.899633 
57.625908 39.163425 42.458397 3.974581 4.761747 0.677695 
57.768826 39.022911 42.591408 4.059959 4.741233 0.436944 
55.854954 36.322403 42.528984 -3.107550 -5.312924 -0.950427 
54.949387 38.373386 42.379551 -2.850998 1.587196 0.948923 
55.131321 38.616566 42.436451 -2.492847 1.899906 0.690305 
55.066902 38.623585 42.187603 -4.849851 3.729428 1.416823 
56.870117 36.473953 41.670971 0.342850 -4.705514 -4.105631 
56.175724 39.502426 42.556610 -1.702017 5.739569 -1.660366 
58.089706 36.426308 42.494144 2.734346 -4.902395 -2.783518 
57.381878 38.196426 40.901943 3.869646 0.527424 -4.899575 
57.462620 36.175644 42.386250 2.261328 -5.378784 -2.320470 
56.325974 37.201584 40.941105 -1.319194 -3.930712 -4.625063 
56.172718 37.070724 41.136658 -2.243189 -4.147178 -4.117025 
56.715145 36.099522 42.252983 -0.551376 -5.620170 -2.669757 
56.860180 39.039047 40.855171 1.700126 3.288158 -4.783680 
56.433922 36.123520 43.166245 -1.794314 -5.782356 1.665316 
58.026997 38.827454 43.236835 3.560821 5.079148 -0.934549 
57.857086 38.957878 43.440113 2.797652 5.562175 -0.805518 
56.452621 36.431519 41.767509 -1.202519 -4.796575 -3.832720 
56.269440 38.936790 40.755379 -0.618804 3.292644 -5.242993 
55.676338 37.313793 41.285938 -3.450564 -3.476531 -3.927976 
55.599018 37.612312 41.108143 -3.536182 -2.943695 -4.252722 
55.405537 37.466431 41.402573 -3.615753 -3.290770 -3.944705 
58.675880 36.495689 44.070084 2.577001 -5.409130 1.776768 
58.726597 36.619068 44.361282 3.262147 -4.792763 2.036253 
58.454990 36.488564 44.299305 1.646613 -5.731933 1.879593 
56.151566 39.462395 41.787773 -1.957462 5.925915 -0.362448 
55.978184 39.394547 42.068691 -2.566915 5.727945 -0.011175 
58.236607 38.264584 42.204285 5.531178 2.358425 -1.775251 
58.046547 37.906124 41.627445 5.244938 0.089291 -3.409415 
55.117435 37.952690 41.334637 -4.325479 -1.964048 -4.051393 
56.215221 38.671200 40.632568 -1.359352 2.307180 -5.629555 
56.647278 39.563278 41.986706 -0.261615 6.243357 -0.112994 
56.662296 36.365273 41.809044 -0.428892 -5.007402 -3.723515 
57.975769 38.836784 43.013088 3.943888 4.860923 -0.449394 
55.873585 39.422489 42.714748 -1.678646 2.507350 -0.831771 
58.244331 36.601349 44.931206 1.057192 -2.794886 0.816365 
58.021564 36.509823 44.810646 0.744395 -2.989437 0.533091 
58.282028 36.562595 44.724346 1.840081 -5.845289 1.337127 
58.050308 38.747387 42.801212 4.491480 4.354073 -0.462185 
58.462746 36.583958 44.563484 2.113358 -5.616564 1.820599 
57.575092 39.130894 42.749599 3.426955 5.154710 1.061495 
56.530319 36.069710 42.403088 -1.458817 -5.704667 -2.112517 
55.686928 36.415634 42.973274 -3.379790 -5.273289 0.325099 
54.771648 38.080910 42.069656 -6.100107 0.347906 0.514009 
58.611488 36.988590 42.460339 4.506203 -1.428539 -4.043848 
58.501915 36.709061 42.511677 3.770060 -3.321052 -3.640311 
58.399490 36.879635 42.286304 4.038733 -2.365480 -4.086507 
55.738613 36.403805 43.172108 -3.131194 -5.384592 0.729752 
55.512924 36.550518 43.190014 -1.817013 -2.579170 0.234644 
57.228233 36.743645 41.497593 2.132902 -4.086162 -4.242529 
57.302101 36.627125 41.647888 2.263946 -4.013499 -4.244710 
57.067463 36.618271 41.560631 1.303217 -4.386414 -4.288213 
56.417969 39.545811 42.448746 -0.853413 6.174209 -0.651635 
56.261929 39.501343 42.326172 -1.644109 6.049950 -0.334068 
58.558113 36.337650 43.323498 2.363796 -5.645074 -0.581330 
58.291821 36.270580 43.429455 1.161697 -6.140411 0.235756 
55.041763 37.592636 41.676281 -4.561242 -2.980258 -3.067737 
54.984386 37.807518 41.570663 -4.627440 -2.394312 -3.409915 
55.176380 37.667942 41.452141 -4.017071 -2.855958 -3.859978 
57.786720 38.968594 42.022964 4.878473 3.763495 -1.070732 
55.220387 38.473568 41.109459 -4.383070 0.481108 -4.352711 
58.862732 38.290550 43.865196 5.011552 3.111875 -2.123165 
58.185711 38.462807 42.380867 5.392993 2.946964 -1.285699 
57.132202 36.450871 41.743824 1.335787 -4.509554 -4.078113 
57.659924 36.559525 41.948761 2.930810 -3.970015 -3.859455 
57.823437 36.183784 43.324970 1.035302 -6.124455 0.772932 
55.426601 36.641891 42.444153 -3.857619 -4.748157 -1.195329 
56.463440 39.533226 41.704815 -0.855281 6.127123 -0.689872 
57.520912 39.279648 42.082115 4.370718 4.453800 -0.320644 
57.616581 39.153072 41.936386 4.653671 4.049057 -1.045227 
57.442314 39.320171 41.885281 3.985614 4.635794 -1.220891 
58.089138 36.231686 43.240086 1.277565 -6.136956 -0.014285 
58.262814 36.618591 42.371098 3.244108 -3.912809 -3.578639 
55.923191 37.173996 41.202095 -3.064884 -3.826854 -3.900921 
57.652779 39.147038 42.186592 4.526295 4.325655 -0.201731 
59.026398 36.712147 43.688488 5.202523 -3.378935 0.184526 
59.020027 38.112431 44.046368 5.646483 2.207162 -1.509741 
58.128410 38.625992 42.574268 5.059338 3.603463 -0.806285 
58.032879 37.612648 41.641708 4.942144 -0.788662 -3.771991 
58.168236 37.467186 41.842068 4.763327 -0.785179 -3.998836 
56.394730 37.548363 40.701885 -0.810249 -3.110012 -5.375309 
59.147263 37.176922 43.859367 6.213224 -0.455926 0.478196 
59.124535 37.194588 44.097904 6.125715 -0.956203 0.791639 
57.774307 36.446301 42.173721 2.856751 -4.443040 -3.376371 
59.115623 37.892269 44.244862 6.139011 0.961128 -0.627041 
57.818062 38.958614 42.848671 3.725729 5.023366 0.261989 
58.675175 38.770058 44.421597 3.421909 5.122479 -0.849710 
58.016991 36.537125 42.263596 2.986468 -4.263047 -3.482698 
59.036472 37.157955 44.583992 5.595094 -2.297885 1.335126 
59.122753 37.355415 44.309238 6.167808 -0.809247 0.572726 
59.099995 37.427937 44.641762 6.051551 -1.202920 0.912159 
56.270493 39.319267 41.133526 -0.870494 5.233993 -3.230853 
58.697983 36.416557 43.804832 2.735898 -5.352907 1.035578 
58.822556 36.530319 43.900009 3.643479 -4.921679 1.251048 
56.683567 36.223465 42.024132 -0.496042 -5.408542 -3.101156 
58.563484 36.553581 42.762886 3.407671 -4.297213 -2.938959 
58.491478 36.322529 43.632225 1.635090 -5.949650 0.617876 
58.745449 36.426800 43.519032 3.366058 -5.170400 -0.080555 
54.863556 38.406857 42.061729 -5.320265 2.910738 1.119384 
56.487171 37.367638 40.796482 -0.193158 -3.384675 -5.226649 
58.753197 36.822163 42.687901 4.328414 -2.404055 -3.604627 
55.176075 36.945007 42.307049 -4.809622 -3.691459 -1.491562 
55.055584 37.094231 42.410515 -5.412850 -2.997345 -0.916103 
55.100109 37.113995 42.169914 -4.992184 -3.267957 -1.768445 
57.050690 36.804462 41.360828 1.562599 -4.263488 -4.301498 
58.238365 36.514954 44.534660 1.390165 -5.962747 1.383057 
55.991062 38.810783 40.746166 -1.641267 2.327202 -5.523462 
59.089020 36.988403 44.030319 5.919504 -1.655150 1.182087 
59.035652 36.766171 43.940323 5.296013 -2.878381 1.139908 
59.126389 36.937744 43.756889 5.938558 -1.616488 0.485782 
55.786118 37.059002 41.436745 -3.142460 -3.852111 -3.838615 
58.451073 36.739620 45.029869 1.573783 -2.442234 1.065526 
58.723728 36.875233 44.866180 4.089348 -4.178839 2.218417 
58.237251 38.525688 42.771687 5.008814 3.608458 -1.063911 
58.812866 37.280437 42.700485 5.096628 0.929894 -3.491683 
58.759766 37.083187 42.615959 4.868342 -0.507205 -3.873814 
58.740768 37.692307 42.850933 5.022185 2.582997 -2.744334 
58.859955 37.750515 43.132980 5.004778 2.821674 -2.530690 
58.916908 37.527302 43.014267 5.129063 2.327406 -2.745254 
58.012470 36.240993 43.518890 0.745390 -6.155893 0.933156 
58.205486 36.294529 43.727772 0.671052 -6.125969 1.132579 
58.882812 36.878891 44.552753 4.688368 -3.584579 1.961043 
58.621529 36.707539 44.697620 3.321235 -4.845711 2.089385 
59.048111 37.900898 45.127419 2.969625 -0.059664 0.828909 
56.648693 39.553787 42.315487 -0.101300 6.273511 -0.045206 
57.910179 36.405109 44.243866 0.542694 -6.131780 1.212338 
57.939697 36.439934 44.435928 0.915245 -6.144009 0.905105 
57.778637 36.415611 44.436100 1.065623 -6.158352 0.544342 
57.911095 36.290863 43.790142 0.299735 -6.094989 1.485316 
57.020962 36.257977 44.005550 0.792783 -6.216444 0.236925 
57.705074 38.972042 41.763149 4.923241 3.398449 -1.840034 
59.119633 37.374691 43.415424 6.015275 1.158791 -1.111173 
59.159512 37.149513 43.573689 6.184303 -0.170632 -0.278913 
59.135853 37.649868 44.438488 6.258345 -0.127097 0.131237 
59.120041 37.673779 44.735546 6.195256 -0.520646 0.684168 
55.663372 39.239693 41.536343 -2.927607 5.469840 -0.568939 
55.599293 39.203602 41.829895 -3.306115 5.314038 0.229757 
55.847050 39.335724 41.791485 -2.657486 5.677755 -0.101319 
59.017292 37.575935 43.267948 5.437683 2.273529 -2.035869 
58.972351 36.809856 44.215652 5.038088 -3.085331 1.825072 
58.579433 37.725086 42.583691 5.294100 2.082243 -2.641020 
58.710857 37.486599 42.633255 5.038425 1.775385 -3.250822 
55.291584 36.716911 43.006969 -2.150704 -2.329411 0.008212 
55.517445 36.532238 42.917431 -3.769673 -5.015766 0.129963 
58.801792 37.960167 43.272026 4.908190 3.098885 -2.399838 
58.957687 37.794567 43.389408 5.246290 2.715788 -2.067318 
57.204193 39.315212 43.595478 1.752239 2.611116 -0.381292 
57.211044 39.284622 43.392117 3.595866 5.107016 -0.444027 
58.897945 37.078453 42.792183 5.047947 -0.245599 -3.582789 
55.097797 36.986866 42.546116 -5.256547 -3.311743 -0.627551 
59.133137 37.630714 44.121925 6.241828 0.430168 -0.212823 
56.157085 36.319836 42.083660 -2.237966 -5.138477 -2.684578 
59.079250 37.861706 43.939098 5.945903 1.605013 -1.039022 
58.068867 36.351974 44.011856 0.364767 -6.070066 1.561322 
58.402767 36.372971 43.980221 1.221138 -5.896654 1.584599 
58.154419 36.437061 44.289848 0.793767 -6.029257 1.562745 
57.897346 36.191185 43.057362 1.562923 -6.066357 -0.261345 
58.677654 38.434696 43.696426 4.517613 3.676298 -2.331946 
58.983429 38.465073 44.495640 5.247128 3.070705 -1.046033 
55.407063 37.049854 41.781719 -3.718284 -3.689511 -3.440873 
55.651325 36.931614 41.674568 -3.219887 -3.939108 -3.670282 
59.115471 37.849548 44.854729 6.170278 -0.062188 0.945987 
55.279228 36.963223 42.041733 -4.231144 -3.764154 -2.610604 
58.880890 36.620331 44.062191 4.019731 -4.377780 1.672675 
55.462292 36.575123 42.702492 -3.872028 -4.898546 -0.399496 
55.534164 37.177349 41.533379 -3.467332 -3.576860 -3.814457 
55.306522 37.282528 41.658394 -3.834311 -3.466810 -3.555414 
54.890923 37.504128 42.244022 -5.836931 -2.084472 -0.397526 
54.900154 37.478020 42.568275 -3.065387 -0.851500 -0.050383 
59.123253 37.134632 43.283394 6.053609 0.028353 -1.271433 
55.229980 36.817341 42.502026 -4.638219 -4.072291 -0.879454 
54.826519 38.250546 42.169594 -5.758429 1.816486 1.480567 
57.660580 36.290176 42.315060 2.494987 -5.112613 -2.607639 
55.541393 38.060337 40.921211 -3.380321 -1.558841 -5.000872 
55.345726 37.754616 41.226753 -3.786608 -2.680453 -4.193449 
55.495178 37.856293 41.048374 -3.593166 -2.348219 -4.575630 
56.593555 37.171272 40.932610 0.136532 -3.793887 -4.915083 
57.580795 39.082775 43.402702 2.730360 5.626264 -0.508902 
58.956882 38.056305 43.762375 5.346861 2.698081 -1.822964 
56.886898 39.556595 42.190445 0.475191 6.238035 0.201812 
58.999622 37.269329 44.858253 5.479216 -2.319677 1.863743 
58.354420 38.014362 42.263561 5.584432 1.921166 -2.096912 
58.449181 37.986385 42.512268 5.519425 2.266133 -1.953414 
58.462044 37.756210 42.334221 5.564210 1.471455 -2.474922 
58.319683 38.234276 42.436848 5.489719 2.585886 -1.596043 
56.041580 36.951458 41.351139 -2.660651 -4.194962 -3.834860 
58.792351 36.620869 42.951950 3.985492 -3.942050 -2.587154 
58.874962 36.542458 43.702644 4.215617 -4.596808 0.336659 
56.280769 36.283291 43.748741 -0.741306 -3.020747 0.439288 
56.566818 36.222069 43.688187 -0.748515 -6.159160 0.939653 
59.054661 37.349983 43.142078 5.585649 1.470489 -2.183602 
54.788662 38.072330 41.794136 -5.886641 -0.312875 -1.474635 
56.871731 39.538151 42.461964 0.998094 6.173119 0.372583 
57.098293 39.466053 42.554733 2.290574 5.704428 1.170022 
57.224255 37.020996 41.248589 2.485506 -3.673610 -4.422840 
57.286827 36.881130 41.402596 2.552386 -3.745119 -4.315564 
54.981411 37.192554 42.690723 -2.912814 -1.298410 -0.203324 
55.110638 36.933609 42.837410 -2.573952 -1.871074 -0.143689 
57.079994 36.235912 43.794209 0.478200 -6.120654 1.294393 
58.795776 38.208824 43.601234 4.850631 3.283451 -2.258947 
58.615150 38.330334 43.418900 4.631094 3.572374 -2.290107 
57.805668 38.962708 43.163956 3.115025 5.440119 -0.245581 
59.052086 37.058235 44.300255 5.759635 -2.041414 1.324435 
58.896534 37.052280 44.809872 4.914166 -3.296256 2.037574 
57.368954 39.419983 42.103443 3.389518 5.092272 -0.094945 
57.134335 39.523407 42.128372 1.736295 5.935012 0.059910 
57.986176 38.990227 43.912895 2.301349 5.739214 -1.107407 
57.951340 39.041809 44.142410 1.087894 2.911715 -0.473017 
58.140686 38.947655 43.990604 2.246596 5.729578 -1.235904 
57.568867 39.079819 43.059288 3.001236 5.477154 0.391891 
57.317471 39.243954 42.965809 3.261225 5.272454 0.959528 
55.671013 37.852367 40.918522 -3.356554 -2.147035 -4.835611 
54.790989 38.270119 41.919521 -5.889943 1.484613 -0.139726 
57.863728 36.351891 42.393970 2.691348 -4.969010 -2.665066 
54.975227 37.275761 42.353210 -5.687698 -2.490866 -0.714407 
55.767044 38.060444 40.788555 -3.009653 -1.237484 -5.350487 
57.360443 39.181950 43.250008 3.091977 5.419193 0.044646 
57.183823 39.296661 43.220119 3.626217 5.085737 0.150341 
57.910984 36.276096 42.633690 2.348636 -5.494048 -1.888086 
58.514565 38.535774 43.556477 4.229151 4.049577 -2.252689 
57.793907 36.354908 44.042492 0.257847 -6.115770 1.389217 
59.002811 37.627922 45.165531 2.806207 -0.636813 1.073366 
58.909664 37.373463 45.168331 2.632280 -1.131218 1.199483 
59.059711 37.502670 44.929005 5.775057 -1.515355 1.697438 
59.085014 37.706764 44.964973 6.002352 -0.667915 1.561501 
58.560692 37.953442 42.773094 5.213633 2.675048 -2.250723 
58.392147 38.243347 42.710674 5.320851 2.913112 -1.613294 
58.941418 36.621128 43.858509 4.497698 -4.194310 0.793358 
57.264057 39.452232 42.344055 2.777026 5.413848 1.056123 
57.476593 39.308868 42.297306 3.922564 4.810483 0.719833 
56.349949 36.214012 43.438728 -1.579690 -5.938331 1.293495 
56.504189 36.204273 43.547691 -1.075268 -6.040731 1.339082 
55.054390 38.403389 41.279472 -4.887203 0.469410 -3.606667 
56.219791 36.214603 43.275616 -1.940454 -5.830910 1.293876 
54.852287 37.903908 41.717541 -5.410822 -1.738297 -2.420655 
55.944347 39.357685 41.498302 -2.189058 5.765246 -0.973494 
56.031506 39.304733 41.218582 -1.555534 5.563471 -2.367473 
56.262440 39.450089 41.420712 -1.319613 5.792265 -1.630052 
58.346207 37.785809 42.100544 5.438221 1.054912 -2.896288 
57.680195 36.386875 44.278938 0.710267 -6.200203 0.607134 
57.536934 36.355637 44.108059 0.571536 -6.158503 0.934278 
57.292183 36.308609 43.975784 0.908298 -6.073722 0.971257 
55.118164 38.755482 41.968216 -4.683435 4.073970 0.909758 
55.232216 38.918633 41.765327 -4.423971 4.395069 0.378991 
56.690884 36.991276 41.091583 0.350516 -4.178383 -4.610594 
56.958866 36.986633 41.149044 1.524931 -3.952409 -4.556649 
57.610092 36.300560 43.856060 0.336390 -6.054333 1.628002 
57.381447 36.224033 43.653786 0.482910 -6.005658 1.779819 
55.661983 36.428520 42.726788 -3.536131 -5.157995 -0.332665 
59.040661 37.115784 43.014778 5.507413 0.125353 -2.645109 
55.717743 38.676647 40.807121 -2.474045 1.331411 -5.563270 
55.794243 38.952450 40.877243 -2.026658 2.974520 -5.006175 
56.104294 36.235298 42.358887 -2.472162 -5.492067 -1.623323 
54.883541 37.731056 41.810650 -5.280282 -2.452427 -2.115791 
59.028587 37.831814 43.654846 5.631931 2.261042 -1.473499 
58.030945 38.139996 41.632740 5.296868 0.930136 -3.161942 
56.431744 37.015553 41.089470 -0.977605 -4.266352 -4.457248 
55.200226 37.471054 41.584869 -3.944395 -3.269824 -3.571017 
58.831181 37.461105 42.815907 5.093432 1.992079 -3.060879 
56.413364 36.175957 42.212757 -1.540798 -5.552816 -2.404065 
56.429134 36.306980 41.943394 -1.284744 -5.174203 -3.203292 
57.467892 36.076813 42.654537 2.313171 -5.654219 -1.199241 
57.684025 36.210533 42.532742 2.409644 -5.476877 -1.864030 
55.698254 39.226387 42.650452 -2.259083 2.150554 -0.255010 
55.721741 39.235348 42.517952 -4.314596 4.538988 -0.251808 
55.374008 38.973076 42.183800 -4.318950 4.431788 1.046135 
55.540562 39.137821 42.097473 -3.778278 4.946931 0.705765 
55.401905 39.055309 41.907291 -3.995797 4.776962 0.621823 
55.255039 38.889027 42.035927 -4.455445 4.305727 0.999064 
54.986870 38.221207 41.391449 -5.066279 -0.532333 -3.503050 
57.356289 39.205044 43.483635 3.036265 5.439915 -0.701673 
55.015579 37.318981 42.055103 -5.154796 -2.956735 -1.822222 
57.114300 39.396301 42.830936 3.121968 5.361713 0.918344 
55.468166 39.072674 41.258743 -3.528167 4.468521 -2.006753 
55.419228 39.090153 41.613823 -3.756130 4.959989 -0.198352 
57.718033 36.228592 43.590637 0.502175 -6.065654 1.543070 
57.359341 39.315941 42.601570 3.264392 5.181308 1.365142 
58.645912 38.144341 43.205128 4.826551 3.291533 -2.310108 
55.843922 39.326008 42.334404 -3.326369 5.295085 -0.275498 
55.743198 39.274750 42.067284 -3.180848 5.397083 0.284283 
55.756668 36.426235 43.377079 -1.459026 -2.761512 0.496562 
56.016930 36.344688 43.564251 -1.080373 -2.904999 0.551900 
57.926685 38.974655 43.704636 2.489221 5.656931 -1.119640 
56.061810 39.434795 42.349079 -2.332656 5.799807 -0.517283 
56.465069 39.397938 41.236420 -0.324282 5.508567 -2.894925 
54.906040 38.031864 41.554512 -5.126635 -1.153728 -3.233528 
58.751163 38.129002 43.396454 4.801085 3.301726 -2.345706 
57.793182 36.436146 44.682194 0.662895 -3.043530 0.314983 
58.031830 36.473576 44.548157 1.233262 -6.072626 1.011039 
55.942371 38.525070 40.683311 -2.376264 0.995148 -5.682229 
55.192875 37.175312 41.905499 -4.361378 -3.414210 -2.891902 
58.425838 37.528046 42.178040 5.340458 0.398773 -3.204648 
55.109764 37.389130 41.793861 -4.486319 -3.267065 -2.906162 
54.942528 37.529171 41.933533 -5.205073 -2.822616 -1.899240 
58.417263 36.631737 44.789753 2.522876 -5.456133 1.772911 
58.888004 38.000546 43.507675 5.073752 3.007922 -2.136484 
57.095787 39.368668 43.092804 3.693260 5.032908 0.394604 
58.522297 38.171177 42.973991 5.038416 3.133582 -2.053808 
58.302586 37.579472 41.992306 5.064464 0.031142 -3.647946 
56.680859 36.177982 43.536385 -0.566676 -6.034672 1.647037 
57.485420 36.364849 44.310383 1.128387 -6.146452 0.029345 
57.558403 36.371716 44.547256 0.650977 -3.063230 0.049916 
56.632099 39.574944 42.633137 0.612302 6.166655 -0.811280 
55.942127 38.243095 40.673973 -2.847639 -0.302967 -5.579291 
58.887016 37.162689 44.997299 4.988355 -2.951277 2.341027 
56.301632 36.870045 41.275398 -1.670475 -4.531411 -3.896356 
56.534492 36.867500 41.220562 -0.524686 -4.639606 -4.137242 
58.937813 37.306332 42.905102 5.233408 1.367261 -3.133722 
58.691181 37.943642 43.030754 4.944057 2.997385 -2.455523 
55.641064 39.180710 42.318665 -3.884929 4.898758 0.541504 
57.054733 39.524250 42.338417 1.405941 6.015433 0.802734 
55.250992 38.820419 42.259640 -4.597438 4.096672 1.239624 
55.292759 36.724846 42.695839 -4.438598 -4.385031 -0.375289 
55.164101 38.752052 42.169170 -4.683247 3.985960 1.254917 
58.255810 38.419888 42.572918 5.313114 3.089814 -1.291171 
