29.520269 36.435257 -48.012608 -5.288115 0.948195 2.886995 
29.507633 36.609360 -48.272514 -5.389235 2.856306 0.221096 
29.399946 36.363590 -48.217953 -5.472426 0.842395 1.214950 
30.043303 35.629253 -48.328102 -1.231505 -5.895996 1.051533 
29.764204 35.687885 -48.412533 -2.628885 -5.081310 0.261331 
29.995110 35.647923 -48.623650 -1.099791 -5.423027 -2.004535 
30.213871 36.116596 -49.110512 -1.748453 -2.382468 -5.414751 
30.470728 35.925911 -49.052097 -1.159780 -3.775508 -4.828795 
30.196198 35.880432 -48.953690 -1.266151 -3.933748 -4.623369 
29.560749 36.177441 -48.730133 -4.572436 -0.676723 -3.898840 
29.573917 35.887215 -48.592884 -4.330190 -3.197604 -2.001455 
29.395117 36.146008 -48.460533 -5.199946 -1.163191 -0.969157 
29.953043 37.246876 -48.302032 -4.762400 3.425381 -2.198505 
29.977270 37.448471 -48.067123 -5.360833 2.597276 -1.907001 
30.129892 37.518490 -48.277920 -4.677293 2.801857 -3.090713 
29.745712 35.975727 -48.835342 -3.288405 -2.292236 -4.515877 
29.972054 36.047169 -48.984486 -2.384004 -2.363587 -5.175153 
29.974792 35.820610 -48.837811 -1.557360 -4.028243 -4.379103 
32.511982 36.595974 -49.409599 3.620152 -2.264658 -4.531251 
32.683441 36.520504 -49.205433 4.254007 -2.547201 -3.746689 
32.474762 36.353355 -49.285622 3.455613 -3.198423 -4.075560 
31.875898 37.971737 -49.180420 0.228316 5.923030 -1.833609 
32.117546 37.936188 -49.225986 1.065928 5.665335 -2.423165 
31.947235 37.923882 -49.429050 1.538295 5.905982 -1.301638 
30.318150 37.598316 -48.450378 -4.123008 2.917450 -3.706874 
30.168161 37.357525 -48.504051 -4.194430 3.540403 -3.047745 
30.517204 36.719173 -49.307121 -3.277297 0.349455 -5.312149 
30.300493 36.665970 -49.195702 -2.943300 1.126910 -5.368979 
30.390755 36.912281 -49.170216 -3.755617 2.048952 -4.556665 
31.384790 35.284813 -48.087132 0.164526 -5.544156 1.112529 
31.431025 35.423115 -47.841816 0.516556 -5.459464 2.962534 
31.159580 35.397533 -47.921112 -1.229972 -5.616361 2.282625 
32.602413 36.030067 -48.680672 4.179343 -4.360540 -1.617510 
32.762665 36.231239 -48.762814 4.574654 -3.716797 -1.965852 
32.714939 36.092983 -48.498276 4.484495 -4.268814 -0.941219 
31.175148 37.258907 -50.036602 -2.818748 -1.491933 -5.099907 
31.314447 37.480911 -50.124409 -1.351071 -0.007478 -5.824087 
31.447691 37.251194 -50.106846 -0.264803 -1.508970 -5.868828 
31.323744 37.025597 -49.996937 -1.501921 -2.749977 -5.224652 
30.224211 37.218750 -48.742100 -3.894087 3.715361 -3.238670 
30.007013 37.128773 -48.579529 -4.132642 3.842422 -2.734359 
30.376093 37.444046 -48.669277 -3.960523 3.606797 -3.280814 
29.776161 35.769173 -48.702408 -2.695000 -4.178736 -3.011866 
29.581297 35.858410 -48.246120 -3.965425 -3.841267 1.527578 
29.481449 36.141876 -48.067539 -4.690864 -1.697933 2.767081 
31.362450 37.974361 -49.693703 -0.909944 5.753720 -0.924953 
31.398193 37.859390 -49.974236 -0.325847 4.503837 -3.669221 
31.123358 37.841846 -49.874512 -3.043630 3.770936 -2.357183 
32.806580 36.154331 -47.778088 3.725629 -5.045044 0.114187 
32.713905 36.068745 -48.030460 4.062931 -4.771882 0.283617 
32.923061 36.256981 -48.017288 4.398424 -4.457797 -0.312380 
31.122198 36.338734 -46.230614 -1.251705 -2.638444 0.855884 
31.298542 36.221138 -46.407604 -1.928109 -5.789145 1.476967 
31.427990 36.217110 -46.184177 -0.943332 -2.846266 0.478356 
32.529854 35.912766 -48.502251 3.972838 -4.723735 -0.890467 
31.119101 35.331177 -48.256290 -1.606227 -5.838235 -0.185416 
31.368509 35.323299 -48.414375 0.105993 -5.822524 -1.649807 
29.992449 37.818642 -47.639271 -3.042398 0.587120 -0.279262 
30.067833 37.994465 -47.874874 -2.831165 0.566854 -1.074056 
29.988754 37.643307 -47.856277 -5.900815 1.619809 -1.295654 
32.297390 37.179771 -49.730576 3.695760 -0.261755 -4.978372 
32.407181 37.414459 -49.612892 3.937391 1.415941 -4.577664 
32.473995 37.116192 -49.583473 3.962031 -0.316282 -4.801589 
29.768476 36.247673 -48.918659 -3.709699 -0.425007 -4.896625 
31.977255 35.727039 -47.604885 2.210837 -5.304686 2.518919 
32.131420 35.707371 -47.828522 2.890921 -5.244831 1.871794 
32.211388 35.833317 -47.597038 2.591132 -5.339392 2.033734 
31.564600 35.539810 -48.818447 0.764795 -5.231826 -3.239305 
31.614449 35.418385 -48.551037 1.394238 -5.652894 -2.130766 
31.348019 35.447521 -48.669491 -0.031377 -5.524744 -2.913422 
32.281872 35.730106 -48.060806 3.399366 -5.173996 0.898512 
32.046093 35.575665 -48.070858 3.046412 -5.319611 1.024706 
32.185463 35.647274 -48.318417 3.367589 -5.256955 -0.213555 
32.579147 35.997726 -47.801807 3.507355 -5.130526 0.869607 
32.505047 35.891666 -48.044277 3.807469 -4.922731 0.692920 
30.854195 35.449829 -48.066147 -2.016739 -5.748565 1.154499 
32.661354 36.077095 -47.550747 2.937688 -5.512724 0.566165 
32.350170 37.858566 -49.267849 2.185500 4.942837 -3.110193 
32.550728 37.721611 -49.280510 3.386202 3.736129 -3.658165 
32.392338 37.682354 -49.473778 3.349525 3.544172 -3.774982 
32.625782 35.978645 -48.271690 4.199909 -4.641972 -0.113194 
30.529305 37.678162 -48.593452 -3.768597 3.101717 -3.881768 
29.810507 37.003086 -48.413986 -4.703721 3.724043 -1.789052 
30.061935 36.600533 -49.084057 -3.168881 1.464105 -5.082158 
29.937630 36.778500 -48.896858 -3.750520 2.909312 -4.003673 
30.167849 36.848186 -49.034416 -3.431067 2.715401 -4.457076 
29.724899 35.963364 -47.966141 -3.153488 -3.668370 3.739998 
33.464607 37.263897 -48.103832 2.829668 -0.562302 -1.167961 
33.512104 37.049911 -47.862427 2.652361 -1.155827 -1.096714 
33.378918 36.988075 -48.136341 5.527357 -2.092329 -2.067559 
30.928904 37.627216 -49.726498 -5.127080 2.281642 -1.827321 
31.112745 37.885223 -49.544521 -3.278807 4.936672 -0.010779 
32.431095 35.955097 -47.588654 2.855481 -5.411127 1.387785 
31.631765 35.344090 -48.262127 1.963056 -5.714729 -0.295764 
32.363834 35.840206 -47.817730 3.245697 -5.152412 1.448253 
29.430452 36.427242 -48.428425 -5.583608 1.936184 -1.226820 
31.098520 36.244701 -46.551361 -2.091537 -5.532766 2.088206 
32.062653 38.064045 -48.998962 0.173646 4.721447 -3.982001 
31.993071 38.278481 -48.842628 0.024675 1.708467 -2.626250 
32.275093 38.213444 -48.856380 0.456295 2.042736 -2.339694 
30.949587 37.320538 -49.843987 -4.872104 -0.478944 -3.566874 
30.823570 37.391224 -49.586369 -5.602681 1.178322 -2.219790 
30.908209 37.671043 -49.387081 -4.804162 3.807633 -0.653129 
31.834888 35.543526 -48.698933 2.034020 -5.292489 -2.432633 
31.903063 35.478718 -48.365116 2.727908 -5.498835 -0.611960 
31.588099 37.042252 -50.019558 0.584245 -2.523033 -5.603365 
30.743084 37.170708 -49.467297 -5.227772 0.701925 -3.327141 
30.743975 37.410446 -49.329708 -5.269425 2.558640 -2.142775 
30.882568 37.112320 -49.686783 -4.886357 -1.008581 -3.669158 
31.481194 36.841839 -49.902050 -0.531858 -3.239642 -5.318903 
32.490501 36.032078 -47.348743 2.224736 -5.788045 0.978387 
31.082394 35.681519 -47.464348 -1.051236 -4.979138 3.610824 
31.385265 35.707378 -47.400646 0.086255 -5.129802 3.600596 
31.178514 35.850979 -47.224915 -0.845870 -5.038007 3.641581 
31.410973 37.959438 -49.377300 -1.068429 6.134745 0.269150 
31.831045 37.790165 -49.873188 2.727754 3.935058 -3.701620 
31.787416 37.936520 -49.632477 1.651619 5.681548 -1.521735 
32.016212 37.820187 -49.673447 2.898416 4.471408 -2.883504 
31.261917 36.426723 -49.584003 -1.585368 -3.142352 -5.179684 
31.386366 36.636108 -49.759117 -1.248044 -3.316198 -5.129469 
31.564976 36.448093 -49.657585 -0.311616 -3.465146 -5.199067 
31.471016 36.216148 -49.495220 -0.556699 -3.576069 -5.090292 
30.459078 36.215942 -49.216682 -1.595779 -2.154946 -5.615777 
32.820431 36.168015 -48.262699 4.496762 -4.341096 -0.426353 
30.804573 37.588898 -49.140736 -4.567070 4.026893 -1.453154 
30.623270 37.401955 -49.085255 -4.583156 3.390276 -2.585931 
30.726021 37.587154 -48.956150 -4.117439 4.139499 -2.296567 
29.613771 36.705334 -48.006836 -5.681699 2.059923 1.491374 
30.073080 37.001881 -48.822498 -3.722698 3.614020 -3.504718 
31.967518 36.115345 -49.375679 1.454553 -3.947179 -4.590045 
32.050495 36.355167 -49.526661 1.769782 -3.301258 -4.992835 
32.236530 36.217850 -49.346767 2.497739 -3.666556 -4.348214 
32.300907 36.460159 -49.476887 2.761118 -2.858230 -4.810644 
29.933741 37.411766 -47.428425 -6.130293 1.033937 0.872115 
29.978996 37.427135 -47.164928 -3.048606 0.281149 0.669267 
29.968615 37.626808 -47.401234 -3.083388 0.492086 0.266284 
31.257044 35.529598 -47.650089 -0.351315 -5.279896 3.276575 
29.999449 36.359123 -47.406914 -4.173028 -2.785240 3.697379 
29.826773 36.620373 -47.492378 -5.246513 -0.795440 3.164049 
29.816580 36.319889 -47.636135 -4.442771 -2.157225 3.750307 
31.094809 35.507141 -48.736774 -0.994794 -5.335591 -3.041807 
31.311945 35.591770 -48.903534 -0.316590 -4.993285 -3.714936 
31.059147 35.694607 -48.981873 -0.970524 -4.592593 -4.119487 
31.619431 37.745956 -50.039394 1.621753 3.140401 -4.682382 
31.564510 37.493595 -50.125374 1.042812 0.395749 -5.938438 
31.431704 37.669235 -50.104729 0.033415 2.110320 -5.598770 
30.034533 37.220623 -46.935116 -2.933008 -0.225183 1.029070 
30.019253 37.082836 -47.020954 -5.829164 -0.620913 2.237961 
30.155909 37.013809 -46.726368 -2.644124 -0.804310 1.398226 
32.059780 35.811626 -48.989597 2.246061 -4.849196 -3.200399 
31.779188 35.697533 -48.965897 1.396999 -4.950803 -3.554994 
31.878563 35.896942 -49.191963 1.338927 -4.522794 -4.051608 
32.078915 36.080544 -46.232178 -0.138122 -2.990576 0.114116 
32.164196 36.078346 -46.496017 0.093436 -6.272194 0.258287 
32.398453 36.079411 -46.334850 0.155231 -3.008037 -0.030201 
32.149872 36.002407 -49.176838 2.344332 -4.367192 -3.800085 
32.632030 36.279789 -49.053852 4.095807 -3.498417 -3.107554 
31.818466 37.547649 -50.029331 2.821113 1.290497 -5.130459 
29.990570 36.322842 -49.075500 -2.934835 -0.473215 -5.330950 
29.666574 36.522762 -47.786541 -5.380535 0.025005 3.070456 
32.696667 36.777084 -49.317101 4.354283 -1.479846 -4.206126 
32.529675 37.900776 -49.081528 2.440062 4.399820 -3.720902 
32.536148 36.068283 -48.892467 3.823659 -4.227729 -2.531692 
31.767689 36.270630 -49.533237 0.585679 -3.607153 -5.068508 
32.302532 36.050400 -46.919933 1.077547 -6.122290 0.870156 
32.096451 36.051319 -46.747154 0.489299 -6.188862 0.923415 
32.060680 35.985065 -47.039986 1.040339 -5.950349 1.687951 
31.703653 36.879223 -49.917332 0.882919 -2.815818 -5.499733 
31.946402 36.807507 -49.826336 1.968141 -2.461105 -5.319869 
31.655985 36.677074 -49.810398 0.283196 -3.223965 -5.325335 
30.468229 36.480381 -49.279236 -2.298429 -0.643428 -5.770622 
30.238419 36.398064 -49.190987 -2.297430 -0.466594 -5.710703 
29.835705 36.985443 -47.494156 -5.830834 0.752840 2.066934 
29.946056 36.823856 -47.250774 -5.527474 -0.730083 2.837613 
30.226664 35.606159 -48.518669 -0.700114 -6.025490 -1.111869 
30.854977 38.399330 -48.617153 -1.149097 -0.442203 -2.759263 
31.134521 38.409790 -48.720726 -1.033858 0.070262 -2.828684 
30.964918 38.212456 -48.627945 -2.623505 0.164005 -5.573815 
32.418270 35.804913 -48.289692 3.717652 -5.015886 -0.071010 
30.966476 35.537205 -47.731049 -1.613418 -5.304330 2.811363 
32.311493 38.007645 -49.038052 1.170700 4.809060 -3.809224 
30.345762 36.820808 -46.556507 -2.260570 -1.391352 1.601119 
30.316875 36.681938 -46.732979 -4.367968 -3.175033 3.204534 
30.408409 36.675014 -46.611458 -4.242314 -3.338785 3.192454 
30.414383 36.564159 -46.732044 -3.878897 -3.739164 3.215375 
30.842396 36.485924 -46.316204 -1.646234 -2.338287 1.192402 
30.930084 36.358601 -46.467789 -2.862123 -5.090897 2.299282 
30.294462 37.075096 -48.969170 -3.842195 3.254685 -3.740719 
30.491341 37.152748 -49.128979 -4.361462 2.665458 -3.620473 
32.896057 36.213326 -47.520630 3.278021 -5.340091 -0.234551 
32.293537 35.941143 -47.415012 2.290963 -5.600611 1.662500 
32.550232 38.124126 -48.838745 1.081712 2.105904 -2.087036 
31.855988 36.516747 -49.684727 1.108587 -3.234501 -5.214220 
30.431995 37.301205 -48.903130 -4.163154 3.497472 -3.137782 
30.850786 37.698715 -48.962147 -3.848642 4.501800 -2.062918 
30.194244 35.715298 -48.756065 -0.731179 -5.193087 -3.389272 
33.350269 37.273369 -48.371185 5.637953 -0.588184 -2.662463 
33.327766 37.071510 -48.342129 5.625935 -1.464286 -2.308564 
30.576416 37.522530 -48.826805 -3.980958 3.865542 -2.932285 
31.604755 37.923340 -49.817780 1.166291 5.367849 -2.497430 
33.055332 36.353859 -47.737492 4.141862 -4.636095 -0.788195 
29.873503 35.758324 -48.138561 -2.194677 -5.091796 2.782990 
30.001421 35.874931 -47.890190 -2.413154 -4.609677 3.477721 
31.714582 37.275906 -50.071991 1.859646 -1.007318 -5.720933 
32.022636 37.589947 -49.857895 3.568185 2.179943 -4.542790 
32.315975 35.764366 -48.534851 3.452071 -5.093661 -1.138598 
30.190607 38.148510 -48.099758 -2.470921 0.262040 -1.724103 
30.178503 37.927494 -48.121986 -5.144890 1.099803 -3.397350 
31.313576 35.779015 -49.112835 -0.515360 -4.375054 -4.435011 
31.591726 35.831661 -49.173798 0.348382 -4.499789 -4.305620 
31.511889 35.677814 -49.006168 0.392186 -4.790259 -3.997465 
33.109879 36.340332 -47.453297 3.484640 -5.096231 -1.098355 
33.117306 36.476192 -48.022179 4.881567 -3.820312 -0.941538 
32.287075 35.995346 -47.191509 1.681755 -5.890648 1.357783 
32.215523 37.632973 -49.669994 3.589036 2.961291 -4.065294 
31.960997 37.322826 -49.951260 3.147998 -0.113752 -5.344028 
31.092554 38.056133 -48.722813 -2.707519 2.410795 -4.782984 
30.807724 36.922211 -49.538288 -4.319199 -0.897534 -4.416788 
32.990814 36.171902 -46.638741 0.593714 -2.939680 -0.254072 
33.037895 36.215153 -46.915161 1.714846 -5.990541 -0.769991 
33.250599 36.264488 -46.834461 0.962314 -2.643758 -0.516466 
33.509964 36.624306 -47.350834 1.963104 -2.006156 -1.065793 
33.389149 36.660435 -47.622185 4.596113 -3.689020 -2.153891 
33.520531 36.836117 -47.608532 2.416720 -1.565985 -1.182403 
33.295769 36.439926 -47.336773 3.583815 -4.825947 -1.805981 
33.163303 36.320126 -47.229446 2.899036 -5.409057 -1.279234 
31.494881 36.166630 -46.405895 -1.636772 -5.952919 1.114153 
31.079811 37.055202 -49.872944 -3.605987 -2.251214 -4.492766 
33.380180 37.473358 -48.327778 2.756021 0.059842 -1.423199 
33.288563 37.387489 -48.499584 5.473235 0.228436 -3.022069 
33.233288 37.671352 -48.517624 2.573305 0.662814 -1.645273 
29.828262 36.523884 -48.938728 -3.881414 1.436584 -4.550256 
31.155060 37.862133 -49.239761 -2.872923 5.535132 -0.014310 
32.505974 36.847279 -49.508011 3.777135 -1.348733 -4.787303 
32.679569 37.050903 -49.396549 4.393345 -0.395245 -4.389780 
30.695780 35.597034 -47.820992 -2.203430 -5.279355 2.502743 
30.609158 35.550720 -48.050556 -2.222044 -5.658933 1.496718 
31.831184 35.896179 -47.168583 0.926847 -5.697003 2.460829 
32.064808 35.876709 -47.346939 1.787135 -5.588882 2.220064 
32.267944 36.899384 -49.690174 3.204277 -1.618251 -5.103630 
32.132801 36.612911 -49.640293 2.368597 -2.639013 -5.155518 
31.377586 37.946499 -49.061119 -1.694840 5.609202 -1.707034 
31.165379 37.899170 -48.950867 -2.693706 4.949137 -2.389079 
31.308130 38.117027 -48.792339 -1.858819 2.555884 -4.994357 
33.428436 36.427013 -47.087460 1.487073 -2.372267 -0.830328 
29.721056 36.685684 -48.733551 -4.416803 2.811441 -3.284407 
31.807430 35.767952 -47.413700 1.427282 -5.371865 2.913784 
29.853634 36.909706 -48.665901 -4.179191 3.676591 -2.812135 
29.665031 36.859360 -48.229904 -5.305631 3.253464 -0.321182 
30.800014 38.188927 -48.558464 -2.419126 0.156661 -5.709359 
30.590046 38.358730 -48.482159 -1.468871 -0.080799 -2.558201 
31.748945 36.123547 -46.176361 -0.546394 -2.889286 0.324010 
30.430086 35.567299 -48.426342 -1.281521 -6.067815 -0.541804 
30.403481 35.640896 -48.674648 -0.973754 -5.627268 -2.542134 
30.624905 35.558834 -48.592041 -1.441434 -5.729770 -1.988996 
32.525028 36.078243 -47.079472 1.657793 -6.022525 0.614270 
32.307373 35.932587 -48.957207 3.041719 -4.615774 -2.903514 
32.896057 36.298130 -48.491138 4.797181 -3.827239 -1.230351 
33.397423 36.771938 -47.788025 5.027129 -3.145430 -2.049976 
30.367838 35.763714 -48.866413 -0.939874 -4.825000 -3.860610 
30.578894 35.704399 -48.847343 -1.172641 -4.969883 -3.596048 
30.909079 35.849457 -47.318138 -1.676355 -4.808910 3.666032 
30.967831 37.840599 -48.848675 -3.186975 4.397184 -3.004605 
31.230772 36.836727 -49.834564 -2.282220 -3.113989 -4.881941 
31.004953 36.871391 -49.706074 -3.656333 -2.347498 -4.479609 
30.833559 35.600487 -48.790760 -1.293675 -5.183611 -3.206503 
31.807106 38.086391 -48.946846 -0.524032 4.313418 -4.167040 
30.185200 35.689861 -48.071041 -1.763978 -5.486403 2.399911 
31.247734 37.691906 -50.068359 -2.024248 2.311271 -4.918857 
30.781368 35.814182 -49.032143 -1.178944 -4.249853 -4.429359 
29.997282 36.174240 -47.566196 -3.563864 -3.483352 3.791360 
30.223633 36.149311 -47.392208 -3.130399 -4.044480 3.618778 
30.997396 35.997986 -47.083504 -1.493010 -5.035942 3.440673 
30.802950 35.708176 -47.559254 -2.018031 -4.891647 3.348486 
33.174500 36.282665 -47.039379 2.436225 -5.646560 -1.224005 
31.678051 36.039616 -49.364285 0.343379 -4.041411 -4.740853 
32.532127 36.103168 -46.593208 0.827113 -6.223756 -0.185197 
32.700863 36.114979 -46.476002 0.380382 -3.034110 -0.220015 
32.084965 35.627289 -48.587811 2.985325 -5.225840 -1.580221 
30.539446 35.762897 -47.668179 -2.367269 -4.892694 3.141284 
30.452396 35.660591 -47.921535 -2.207502 -5.351437 2.392418 
29.657768 36.787323 -48.486317 -4.854424 3.442203 -1.690875 
33.249809 36.830841 -48.308254 5.551448 -2.347075 -1.753885 
31.797949 35.453609 -48.054676 2.602203 -5.513959 1.293978 
31.901304 35.580017 -47.827988 2.504498 -5.261273 2.249351 
31.158388 35.391731 -48.518391 -1.076400 -5.717145 -2.207672 
30.428318 35.589966 -48.174572 -1.833734 -5.872938 1.189695 
33.145290 36.590965 -48.267056 5.328186 -3.089325 -1.176704 
33.299023 36.750320 -48.030216 5.247009 -3.005476 -1.664671 
32.349205 36.678402 -49.555531 3.081326 -2.131256 -5.013593 
32.972080 36.506031 -48.695103 5.073085 -3.031824 -2.058214 
30.646896 35.882683 -47.421600 -2.245446 -4.721119 3.478280 
32.620327 37.323349 -49.440449 4.308522 0.897598 -4.400099 
30.262920 35.607788 -48.302345 -1.112113 -6.094155 0.886258 
32.205589 35.772415 -48.772186 2.979845 -5.011025 -2.258507 
33.208279 36.925453 -48.540356 5.676606 -1.539181 -2.149084 
33.133255 36.675613 -48.508507 5.466669 -2.497200 -1.687651 
30.633200 35.505257 -48.292545 -1.819661 -5.953095 0.008767 
32.094349 37.103481 -49.853451 2.999351 -1.037806 -5.329489 
30.892944 35.445957 -48.473846 -1.728242 -5.774990 -1.438371 
32.706017 36.134850 -46.691616 0.979238 -6.193792 -0.285773 
31.047413 35.958141 -49.216881 -1.172520 -3.762392 -4.865477 
30.920826 36.231617 -49.351627 -1.766900 -2.829429 -5.313108 
31.184425 36.188931 -49.418568 -1.408978 -3.346488 -5.091387 
31.552343 38.110714 -48.862366 -1.116500 3.409209 -4.581906 
33.042080 37.849220 -48.668884 2.210870 1.289875 -1.824909 
33.095673 37.539677 -48.786304 4.974604 1.447061 -3.464298 
32.810722 38.000431 -48.775074 1.716314 1.796305 -1.949540 
32.838623 37.822014 -48.903297 3.826212 3.202415 -3.798796 
30.756523 37.742039 -48.756451 -3.496627 3.772230 -3.494575 
30.651762 37.980194 -48.522755 -3.160231 1.613537 -5.068391 
31.586988 35.377403 -48.005600 1.914658 -5.564014 1.961637 
30.976540 37.759659 -49.092434 -3.682693 4.943179 -1.105555 
30.891829 37.992321 -48.642811 -2.764072 2.516502 -4.826938 
31.996462 35.681129 -48.806427 2.379154 -5.094536 -2.760455 
32.182781 37.377594 -49.802265 3.607089 0.883390 -4.962105 
32.402939 36.126308 -49.132675 3.227457 -4.028852 -3.475125 
32.829075 36.474670 -48.963387 4.771589 -2.860790 -2.803158 
31.668674 35.485168 -47.822762 1.787552 -5.360294 2.624124 
29.939692 37.521473 -47.625351 -6.117620 1.385605 0.080860 
29.549822 36.567730 -48.559406 -5.044493 2.731765 -2.295405 
30.206558 36.371197 -47.167412 -3.830451 -3.488823 3.493981 
30.403627 36.395496 -46.935089 -3.469212 -3.976992 3.374554 
30.225790 36.585194 -46.940922 -4.385303 -3.009381 3.286291 
32.546837 37.543072 -49.427948 3.973192 2.373137 -4.167525 
29.789145 37.101978 -47.786530 -5.830598 2.051594 0.751959 
29.710548 36.818619 -47.758953 -5.780656 1.174914 1.882536 
30.579283 36.646374 -46.423145 -1.853312 -1.974459 1.501378 
32.711411 37.538639 -49.265667 4.255635 2.216315 -3.939665 
32.822285 37.285393 -49.229164 4.749553 0.734909 -3.951631 
31.052509 36.366970 -49.473156 -2.084325 -2.742709 -5.246113 
32.716217 37.753738 -49.092434 3.646103 3.425025 -3.723990 
31.143353 36.659145 -49.670120 -2.576926 -2.904029 -4.923328 
29.787922 37.057064 -48.200108 -5.211044 3.299658 -1.086300 
29.717968 36.960526 -48.004581 -5.701091 2.529440 0.267209 
33.042458 36.477856 -48.449097 5.109206 -3.309607 -1.358441 
30.637506 37.223812 -49.274090 -4.946443 2.076781 -3.241475 
30.605566 36.975945 -49.342369 -4.327348 0.959936 -4.382831 
30.428665 37.851906 -48.409767 -3.904393 1.857130 -4.526894 
31.519112 35.562008 -47.625267 0.875482 -5.220803 3.313560 
29.877735 36.087482 -47.758484 -3.399396 -3.462281 3.951323 
31.839600 37.062561 -49.959915 2.093420 -1.797038 -5.579232 
31.378464 35.992088 -49.310699 -0.600797 -3.970430 -4.799677 
32.864838 36.987835 -49.177303 4.879912 -0.606674 -3.833012 
31.573494 37.975449 -49.582504 0.412189 6.171478 -0.400259 
32.759773 36.145260 -47.268806 2.346325 -5.815301 0.122499 
31.619579 37.976566 -49.133827 -0.558389 5.949141 -1.505280 
30.721888 36.071632 -49.212582 -1.366769 -3.132306 -5.237103 
30.812773 36.133881 -46.974255 -1.991734 -4.992951 3.247757 
31.060305 36.137047 -46.827507 -1.672527 -5.348355 2.823837 
30.836798 36.284225 -46.712444 -2.439769 -5.030242 2.847111 
31.709494 38.336956 -48.820499 -0.325412 1.080345 -2.902692 
31.815069 36.008171 -46.859669 0.147431 -6.014105 1.759937 
31.047972 36.522907 -49.549023 -2.443140 -2.531247 -5.194831 
32.691437 37.922367 -48.942543 3.084800 3.838568 -3.889020 
31.433802 35.886509 -47.139175 -0.233853 -5.373736 3.229847 
33.257111 36.580505 -47.795918 4.707475 -3.843284 -1.547987 
30.644651 36.548660 -49.362671 -2.644780 -1.085229 -5.576813 
30.476267 38.093422 -48.390305 -3.812907 0.393173 -4.957221 
30.367262 38.270645 -48.303886 -2.013364 0.056590 -2.232461 
30.025333 36.947720 -47.051090 -5.650571 -0.954801 2.557480 
30.090281 36.784637 -46.998497 -5.215244 -1.838576 2.936518 
32.981907 36.246498 -47.319794 2.764678 -5.598281 -0.644962 
32.984512 36.222477 -47.119579 2.187502 -5.843766 -0.641313 
32.789085 36.154903 -46.932972 1.486249 -6.094792 -0.144945 
31.642694 35.924747 -47.067608 0.164237 -5.692041 2.641946 
29.878027 37.266922 -47.587490 -5.999698 1.548209 0.945417 
29.837435 37.201805 -48.037548 -5.483220 2.845946 -0.878279 
33.093056 36.777317 -48.737419 5.381247 -1.902223 -2.432187 
33.006058 36.896633 -48.954845 5.209378 -1.089765 -3.243697 
33.145557 37.054264 -48.751453 5.525567 -0.687801 -2.812660 
31.342464 36.135727 -46.665504 -1.405694 -5.739915 2.093485 
31.642405 36.093456 -46.586590 -0.979636 -6.036161 1.377081 
33.268871 36.497978 -47.551655 4.104932 -4.432608 -1.689644 
32.999947 36.369202 -48.254906 4.874702 -3.859505 -0.749973 
32.856350 36.714161 -49.099678 4.835607 -1.801227 -3.493872 
32.961544 36.667694 -48.898071 5.111232 -2.260584 -2.803521 
33.254288 37.174175 -48.538502 5.627060 -0.667648 -2.695359 
32.180843 37.826954 -49.464706 2.541001 4.983084 -2.686205 
30.504660 36.049114 -47.294277 -2.527192 -4.581345 3.468763 
30.381113 35.938557 -47.532192 -2.515730 -4.603624 3.450276 
31.749172 35.628143 -47.623264 1.754605 -5.215670 3.009249 
30.315538 38.009575 -48.265491 -4.454412 0.821118 -4.334290 
32.428665 35.898827 -48.728687 3.542545 -4.764160 -1.905103 
29.893763 37.364597 -47.828129 -5.852264 2.192570 -0.320706 
30.275005 35.814289 -47.784683 -2.324865 -4.911425 3.137503 
29.483978 36.362789 -48.606655 -5.162212 1.188330 -2.992656 
29.629538 36.435600 -48.768906 -4.523042 1.383558 -3.952330 
31.522532 36.011307 -46.883121 -0.606984 -5.745686 2.440323 
31.258018 36.008865 -46.973621 -1.040703 -5.377754 3.058660 
31.923292 36.076168 -46.516548 -0.261439 -6.226102 0.720606 
31.421144 38.385307 -48.784657 -0.572487 0.491158 -2.976681 
32.529694 36.102631 -46.811878 1.173970 -6.162510 0.264926 
31.617619 35.811657 -47.276615 0.616329 -5.386490 3.164119 
31.071249 37.529228 -50.005398 -3.874233 0.688102 -4.212564 
30.034817 36.585007 -47.208309 -4.814541 -2.130668 3.363301 
32.335358 36.077759 -46.650318 0.624547 -6.240835 0.254680 
30.676065 36.336906 -49.318886 -1.907925 -1.985949 -5.627016 
30.216230 36.773594 -46.790630 -4.846245 -2.475682 3.095688 
30.246532 37.768566 -48.266918 -4.584970 1.865367 -3.843987 
30.422703 36.218868 -47.138142 -2.976729 -4.331553 3.426654 
30.753506 36.437134 -46.525135 -3.197490 -4.652783 2.739073 
30.096018 37.716740 -48.079754 -5.297432 1.801132 -2.810292 
30.853928 36.485870 -49.441635 -2.466540 -2.030589 -5.393806 
31.701956 37.965324 -49.389847 0.436938 6.242722 -0.312353 
30.619518 36.129929 -47.105003 -2.380722 -4.734893 3.369227 
30.609467 36.256134 -46.928402 -2.653620 -4.642120 3.272595 
30.594069 36.424931 -46.709885 -3.161793 -4.393204 3.166100 
30.929995 36.695599 -49.558109 -3.201854 -2.004060 -5.001838 
29.945456 37.041374 -47.221523 -5.867066 -0.029098 2.205534 
29.921690 37.220673 -47.345005 -6.039125 0.773095 1.516910 
30.717169 36.721821 -49.437580 -3.375983 -0.815752 -5.181513 
31.614933 35.690434 -47.465382 1.009886 -5.194975 3.371189 
30.748867 36.005367 -47.196686 -2.027674 -4.803983 3.501052 
29.659128 36.239563 -47.854645 -4.381766 -1.656601 4.029928 
30.118214 35.995525 -47.647854 -2.838698 -4.275507 3.580209 
33.186829 37.342361 -48.690952 5.430072 0.326823 -3.071069 
29.974968 37.198402 -47.140434 -6.018006 0.127324 1.782820 
33.028748 37.239357 -48.963379 5.124985 0.337084 -3.501512 
32.912796 37.581406 -49.005196 4.534470 2.051607 -3.733437 
