34.485970 19.653921 -41.619957 -4.622245 -3.555313 0.603642 
34.565639 19.648619 -41.937836 -4.296810 -3.686045 -2.188350 
34.703629 19.457575 -41.729309 -3.027387 -5.043665 -0.263542 
33.852604 23.589165 -42.313889 -4.696301 3.729159 0.714905 
33.716671 23.328392 -42.308426 -5.751725 1.738740 0.499522 
33.841297 23.456284 -42.061714 -4.765562 2.832894 2.381338 
37.516052 19.872671 -42.428921 3.034558 -5.267736 -1.508112 
37.266705 19.784592 -42.539394 1.968898 -5.590480 -1.913494 
37.456223 19.928782 -42.712791 2.608507 -5.351012 -1.888831 
34.145855 22.375608 -43.212143 -4.460816 -1.200323 -4.151497 
33.970062 22.344517 -42.953751 -5.393275 -1.313473 -2.770421 
34.018242 22.608261 -43.108387 -4.982044 -0.589813 -3.673223 
33.743965 23.178370 -42.054630 -5.525979 0.931583 2.253510 
34.964394 19.384789 -41.536858 -1.244532 -5.697111 1.391627 
34.694965 19.536659 -41.400761 -2.962030 -4.312760 2.532969 
36.349140 22.157095 -43.668602 1.041766 -0.823906 -6.134128 
36.128685 21.997875 -43.669445 0.541382 -1.419658 -6.090617 
36.095264 22.258015 -43.734608 0.815388 -1.024304 -6.115196 
34.457401 22.688723 -43.500484 -3.216821 -0.198038 -5.348201 
34.222694 22.638765 -43.331715 -4.078911 -0.401368 -4.686199 
34.326233 22.853207 -43.411087 -3.634696 0.340254 -5.073822 
33.683205 23.030025 -42.305103 -6.070432 -0.220600 0.346411 
33.749393 22.899469 -42.056408 -5.624217 -1.014729 2.118967 
34.375908 21.469378 -42.829632 -4.203874 -3.693257 -2.788138 
34.177845 21.644508 -42.729008 -4.884421 -3.326490 -1.861747 
34.297211 21.688047 -42.982964 -4.150449 -3.265351 -3.300689 
34.787605 19.910728 -41.027462 -3.223006 -3.050148 4.396175 
34.629044 20.122597 -41.035015 -4.225381 -2.186225 4.038814 
34.589123 19.932032 -41.186974 -4.152055 -2.476074 3.945592 
35.163708 23.153313 -40.133522 -3.001950 0.125113 0.654611 
35.125931 23.199085 -40.449093 -6.072288 0.921007 0.992015 
35.096909 22.953917 -40.350597 -5.843384 1.205672 1.893482 
35.133247 23.366505 -40.329235 -3.003868 0.034462 0.144513 
35.137688 23.421740 -40.566746 -6.199775 0.870883 0.044732 
35.033566 23.022905 -40.593472 -5.506157 2.002767 2.209805 
34.986557 22.771944 -40.487133 -5.366021 1.918245 2.631024 
34.946011 22.516701 -40.384560 -5.287879 1.722735 2.917772 
35.076244 22.707735 -40.259136 -5.522351 1.472748 2.591673 
33.737514 22.750877 -42.287430 -5.936808 -1.618932 0.560793 
34.374207 19.909826 -41.543571 -5.557393 -1.991215 1.331637 
34.531765 19.771912 -41.361618 -4.446861 -2.936565 3.075532 
36.387890 21.896755 -43.626614 0.159149 -0.685764 -6.224980 
36.175873 21.736980 -43.604916 -0.101690 -1.230121 -6.151371 
35.145706 23.553869 -40.553493 -2.899162 0.221677 -0.456016 
34.868141 22.611931 -40.587990 -5.183818 1.961494 2.956009 
36.603405 22.052069 -43.625393 0.386882 0.061512 -6.252670 
35.578018 20.587856 -40.051510 -3.029966 -3.404306 4.313045 
35.740723 20.365847 -40.139187 -2.451950 -3.958041 4.207980 
35.829185 20.532328 -39.929630 -2.646990 -3.810278 4.221407 
34.843197 22.251961 -43.617176 -2.149886 -1.550057 -5.646533 
34.558060 22.198143 -43.467522 -2.918334 -1.742525 -5.237183 
34.642815 22.484447 -43.581066 -2.656701 -0.864490 -5.579304 
36.604671 20.398933 -43.312809 -2.018310 -3.501429 -4.802353 
36.324707 20.450186 -43.233929 -1.926051 -3.180258 -5.060992 
36.445782 20.647886 -43.402340 -2.286611 -2.787490 -5.135505 
36.854626 21.943871 -43.635647 -0.219765 0.995794 -6.190094 
36.822941 22.200413 -43.600666 0.622331 0.651134 -6.207824 
37.270836 20.136663 -43.265511 0.519509 -5.058281 -3.509617 
37.560516 20.172831 -43.176193 2.963197 -4.610442 -2.659408 
37.380749 20.002817 -42.995537 1.766041 -5.340219 -2.551719 
34.748459 19.720455 -41.191578 -3.041904 -3.457705 4.145406 
35.240135 19.349979 -41.673481 0.158753 -6.096230 0.154044 
34.971428 19.380924 -41.857086 -1.136867 -5.777454 -1.243282 
37.330879 19.733988 -42.259014 2.296363 -5.684059 -1.117810 
34.527531 22.949406 -43.525940 -2.997518 0.718877 -5.445672 
33.927792 23.276844 -41.822651 -4.297527 1.729429 3.991678 
34.380836 19.873798 -41.851536 -5.298189 -2.183948 -1.425787 
34.307644 20.133200 -41.718483 -6.035984 -0.855915 -0.221768 
34.105755 22.118711 -43.060627 -4.766377 -1.878183 -3.503631 
37.700035 20.043945 -42.590229 3.854131 -4.637364 -1.595296 
36.438263 21.633986 -43.606251 -0.780840 -0.396355 -6.206304 
36.230942 21.467640 -43.562702 -0.935965 -0.963058 -6.128015 
34.381626 20.142803 -42.006828 -5.471967 -0.944853 -2.613919 
34.531746 19.901936 -42.124092 -4.533915 -2.173645 -3.558278 
34.775429 23.067503 -43.629230 -2.373269 1.152267 -5.654235 
34.589031 23.210415 -43.502888 -2.761608 1.676969 -5.349196 
34.282654 21.429892 -42.573818 -4.948176 -3.435702 -1.648809 
34.239567 21.413227 -42.308704 -5.580092 -2.756937 -0.713851 
34.131920 21.635941 -42.449467 -5.477545 -2.981965 -0.450733 
33.831436 23.035116 -41.879280 -4.929038 0.025334 3.584777 
34.736645 19.674404 -42.179672 -3.098234 -3.472300 -3.856781 
37.074085 22.081003 -43.605362 0.116035 1.518534 -6.083585 
37.092720 21.835657 -43.679138 -0.466448 1.674932 -6.031521 
35.188206 24.054861 -42.873352 -0.048365 6.018842 -1.502181 
35.465519 24.013311 -42.984169 0.530210 5.847668 -1.966767 
35.201126 23.942867 -43.149086 -0.296916 5.351439 -3.121139 
33.712402 23.176054 -42.561291 -5.903809 0.568875 -1.434809 
35.236935 19.424994 -41.361427 -0.253896 -5.629827 2.457434 
34.972454 19.538067 -41.247307 -1.547597 -4.746722 3.604632 
35.923344 20.183859 -40.228855 -1.853576 -4.449753 4.016790 
35.998722 20.336288 -40.024292 -2.023363 -4.313447 4.073745 
36.569592 22.314554 -43.632751 1.281200 -0.166374 -6.135801 
36.859497 19.736471 -40.819157 0.652749 -5.840382 2.191045 
36.807892 19.649349 -41.070789 0.719664 -6.026078 1.568857 
37.092476 19.720409 -40.965027 1.137129 -5.923037 1.678333 
34.511650 22.052879 -40.912731 -5.405558 0.842616 3.078268 
34.615685 22.320017 -40.837502 -5.170424 1.411274 3.272325 
34.436535 22.290026 -41.104397 -5.233490 0.879012 3.346003 
34.374634 22.419426 -43.415997 -3.497881 -1.074196 -5.043542 
36.274868 21.021587 -39.251022 -1.264290 -1.641801 2.307637 
36.208714 20.875708 -39.396423 -2.459484 -3.626051 4.477460 
36.480412 20.826483 -39.308582 -0.951515 -1.983760 2.193139 
34.350838 23.083006 -43.398182 -3.459337 1.102630 -5.070850 
36.750153 21.281544 -43.693161 -2.056891 0.086694 -5.921635 
36.933582 21.473093 -43.735142 -1.558685 0.857906 -6.007897 
37.009754 21.229443 -43.783997 -1.559162 0.282573 -6.029042 
36.830635 21.015026 -43.716026 -2.306301 -0.812437 -5.731395 
35.098156 23.299280 -40.698647 -5.750321 1.964261 1.406506 
34.122635 22.905487 -43.240273 -4.386282 0.321314 -4.395909 
37.470993 20.260185 -43.381813 2.014687 -4.702124 -3.368763 
36.320599 22.421972 -43.712219 1.431011 -0.454031 -6.074817 
35.478970 20.413866 -40.254551 -2.792969 -3.520554 4.372920 
35.234764 19.591797 -41.106045 -0.831388 -4.748779 3.917553 
34.309925 22.153990 -43.285656 -3.783670 -1.844658 -4.596873 
34.891293 22.833139 -40.710918 -5.044646 2.238272 2.992168 
34.354935 20.143604 -41.451221 -5.831613 -0.976817 1.909725 
35.409988 24.044556 -42.420429 0.473526 6.129266 1.183845 
35.658405 24.037849 -42.505970 0.492035 6.205100 0.545768 
35.438728 24.068798 -42.691772 0.550903 6.182800 -0.317036 
35.168102 24.084417 -42.584583 0.091870 6.200545 0.247276 
35.264843 23.853437 -41.044205 -2.488480 1.733509 0.305594 
35.386902 23.955488 -41.319904 -1.775461 2.523132 -0.321806 
35.164646 23.758080 -41.262585 -4.249498 4.377334 1.154569 
33.967010 22.092802 -42.782280 -5.598027 -1.879767 -1.754930 
35.865665 22.099157 -43.718346 0.254447 -1.575004 -6.058396 
37.022526 19.640507 -41.252781 1.162411 -6.057866 1.063173 
37.379906 19.745432 -41.166080 1.739747 -5.934275 0.982272 
37.852947 20.073421 -40.302254 0.503613 -2.908627 0.974034 
37.668610 20.121256 -40.109715 0.288399 -2.860670 1.193433 
37.612587 20.014196 -40.368889 0.828492 -5.848241 2.129201 
34.930470 23.982937 -43.025593 -0.881037 5.499488 -2.676075 
34.475063 21.252686 -42.680183 -4.392102 -3.552327 -2.726011 
34.590927 21.318632 -42.915298 -3.677203 -3.679920 -3.490422 
34.383224 21.206797 -42.434246 -5.146618 -2.905041 -2.057805 
34.977818 22.578598 -43.721516 -1.662657 -0.521863 -5.974639 
35.028545 23.191885 -43.691845 -1.564840 1.599886 -5.786850 
34.841331 23.327053 -43.574867 -2.136904 2.283635 -5.407664 
37.191277 21.442406 -43.794296 -0.484480 1.058848 -6.096191 
37.086781 21.631187 -43.736084 -0.859682 1.472559 -6.026437 
37.338383 21.691673 -43.737682 0.340241 1.575785 -6.008548 
34.463997 20.145384 -41.229698 -5.086899 -1.490579 3.275059 
34.771416 19.497429 -41.983677 -2.708412 -4.801910 -2.464131 
35.059731 22.011810 -43.606514 -1.671112 -2.204307 -5.611291 
35.135025 22.295523 -43.717270 -1.345686 -1.272502 -5.952079 
34.443020 19.971239 -41.343616 -5.067587 -1.870170 2.995506 
35.215309 23.693089 -40.800507 -2.940543 1.134889 0.351591 
35.130665 23.606455 -41.070412 -5.098991 3.073267 1.771959 
34.011826 23.522484 -41.903790 -3.690132 3.449344 3.504514 
34.743099 19.959272 -42.358398 -3.483526 -2.295622 -4.554910 
34.855549 20.187048 -42.529064 -3.323419 -1.858381 -4.942964 
35.013569 19.931677 -42.500805 -2.245698 -2.982208 -4.950914 
36.793304 22.467499 -43.585342 1.384321 0.489730 -6.102363 
36.769058 22.744001 -43.564060 1.876920 0.859893 -5.929931 
37.018295 22.610285 -43.512474 1.445509 1.007986 -6.028413 
33.983536 22.999773 -41.721016 -4.434454 0.248442 4.374344 
36.451218 20.626272 -39.515099 -1.660693 -4.352164 4.202942 
36.686611 20.658329 -39.396885 -0.688237 -2.239327 2.051623 
36.547775 20.504164 -39.617409 -1.280436 -4.654771 4.016702 
34.155144 23.455830 -41.730400 -3.187554 3.018472 4.354567 
36.645058 20.148302 -43.130951 -1.463289 -4.089096 -4.515638 
36.444504 20.254187 -43.143509 -1.730911 -3.632057 -4.822244 
35.960838 23.999416 -42.133110 -0.341465 3.137396 0.342225 
35.645763 23.936247 -42.092220 -0.460959 6.063912 0.861194 
35.774517 23.956083 -41.836891 -0.535172 3.000090 -0.072380 
38.406517 20.323639 -41.889717 2.896364 -4.794852 -2.833718 
38.193180 20.180183 -41.890545 3.329538 -4.860235 -2.129084 
38.261593 20.353662 -42.085625 3.551482 -4.167936 -3.052679 
34.291859 20.916418 -41.760628 -6.226219 -0.395725 -0.410941 
34.295937 21.076334 -41.504452 -6.177838 -0.336609 0.983544 
34.268665 21.178629 -41.704895 -6.221950 -0.712695 0.261111 
34.302036 20.365841 -41.579456 -6.157473 -0.362458 0.742999 
34.718212 22.782587 -43.637398 -2.467339 0.098844 -5.719506 
34.245499 23.804214 -42.113720 -2.527798 5.198207 2.315758 
34.512241 23.916784 -42.138790 -1.500133 5.607954 2.213143 
34.302444 23.922564 -42.367435 -2.434814 5.520451 0.982841 
36.504528 19.551504 -41.682590 0.412387 -6.263902 -0.124249 
36.493492 19.558149 -41.430393 0.541549 -6.230809 0.534065 
36.255329 19.529297 -41.573227 0.676656 -6.239605 0.033384 
34.368641 20.368935 -41.329823 -5.751654 -0.710311 2.292745 
34.976006 19.501247 -42.117229 -1.292300 -4.900138 -3.406069 
37.500378 20.385386 -43.528248 2.199757 -3.986231 -3.894004 
37.692883 20.414139 -43.354122 4.334777 -3.245716 -2.789765 
34.567173 21.016964 -42.550579 -4.635581 -2.658960 -3.258507 
34.442032 20.954060 -42.316143 -5.344388 -1.787403 -2.714033 
36.343193 20.490324 -39.703709 -1.640007 -4.486726 4.064231 
34.953411 23.583664 -43.475914 -1.495038 3.465944 -4.952543 
35.064404 23.404167 -43.615261 -1.441662 2.753286 -5.408784 
34.018135 23.662405 -42.091572 -3.561187 4.485019 2.242624 
34.061954 23.773407 -42.335663 -3.531428 4.982429 0.882861 
36.692398 21.540747 -43.654766 -1.467772 0.361392 -6.088562 
36.522850 20.347685 -39.812019 -1.075659 -4.841660 3.844571 
34.807362 21.185102 -42.984905 -3.310253 -3.443014 -4.067886 
34.739189 21.413584 -43.127064 -2.950732 -3.431408 -4.333707 
34.965141 21.275434 -43.162189 -2.626440 -3.263311 -4.669074 
34.506821 21.542137 -43.064095 -3.429201 -3.488599 -3.867249 
34.198902 23.658838 -41.895981 -2.677666 4.471463 3.346751 
34.384678 23.603796 -41.712242 -2.393990 4.121021 3.999667 
33.873169 22.576578 -42.841370 -5.693763 -1.027925 -2.272114 
37.291050 20.318600 -43.495895 -0.025256 -4.522733 -4.200917 
37.091770 20.384453 -39.633041 -0.332036 -2.560614 1.740597 
36.890369 20.512171 -39.506310 -0.511719 -2.416748 1.900066 
36.989201 20.326794 -39.737431 -0.617922 -5.166216 3.511976 
34.109367 21.874001 -42.898285 -4.890479 -2.640113 -2.658228 
34.600563 24.022007 -42.445858 -1.278431 5.992588 0.786330 
38.599781 20.248075 -41.490654 1.254470 -2.698186 -0.761761 
38.484207 20.155260 -41.233837 1.191046 -2.843950 -0.310162 
38.346516 20.123775 -41.414371 2.522058 -5.679586 -0.915288 
37.610386 20.573650 -43.604057 3.562463 -2.513638 -4.057007 
37.047474 22.341753 -43.552299 0.869991 1.169500 -6.101366 
36.080677 21.239073 -39.233391 -1.591275 -1.314942 2.321046 
35.900181 21.472927 -39.252148 -1.810902 -0.992316 2.331115 
35.870926 21.261221 -39.374935 -3.482627 -2.421644 4.628409 
37.916828 20.219023 -42.461945 4.555440 -3.790556 -2.009312 
37.843609 20.265587 -42.751400 4.868980 -3.465698 -1.798335 
38.006229 20.463142 -42.605923 5.097483 -2.807727 -2.338302 
34.496216 20.363764 -41.088959 -5.102100 -1.244174 3.351870 
37.916138 20.014206 -41.971352 3.411863 -5.057403 -1.424610 
38.032192 20.187149 -42.176147 4.005837 -4.239999 -2.268340 
34.376389 21.981922 -41.144623 -5.609334 0.288041 2.777819 
34.279854 22.151760 -41.350964 -5.579596 0.015865 2.860388 
34.261131 21.843744 -41.423401 -5.869296 -0.416757 2.178336 
35.087997 20.161161 -42.646881 -2.559297 -2.472846 -5.151873 
36.093822 21.011547 -39.366058 -2.942065 -3.108312 4.585451 
34.393879 20.645361 -41.209225 -5.752332 -0.509331 2.392817 
37.100437 20.956408 -43.804943 -1.241001 -0.816465 -5.947077 
34.154922 22.936821 -41.551922 -4.228506 0.639327 4.562184 
34.320766 22.868765 -41.389400 -4.269888 1.081622 4.463082 
34.322266 23.115614 -41.461308 -3.628060 1.770720 4.790521 
36.258980 19.550035 -41.285915 0.568637 -6.139658 1.079806 
33.837242 22.643806 -42.050865 -5.630932 -1.702133 2.133847 
35.908646 21.836369 -43.634613 0.005094 -1.844593 -6.002191 
38.148598 22.243958 -43.101734 2.639805 0.041436 -1.774618 
38.228569 21.996962 -42.934509 2.781674 -0.169267 -1.468047 
38.124092 21.943640 -43.128254 5.360259 -0.316168 -3.225574 
34.135372 23.828629 -42.596722 -3.470618 5.046931 -0.744417 
37.481461 19.746487 -41.499352 2.217243 -5.856569 0.236546 
37.740479 19.860544 -41.278988 2.210214 -5.864369 0.303734 
33.815842 23.049067 -42.816772 -5.527810 0.075175 -2.844997 
33.817959 23.322947 -42.765011 -5.397537 1.367675 -2.673175 
34.975445 19.704212 -42.324627 -1.807929 -3.780352 -4.544004 
34.998077 22.915876 -43.729069 -1.575623 0.471326 -6.001731 
35.667950 20.196970 -40.340183 -2.175443 -4.128455 4.192596 
36.493095 21.361273 -43.608154 -1.607271 -0.326750 -6.056643 
37.402081 23.265635 -43.239677 0.772184 1.201937 -2.784156 
37.238605 23.207924 -43.308876 1.416858 2.349155 -5.634499 
37.166321 23.496498 -43.181496 0.592915 1.567391 -2.637621 
34.187687 23.217039 -43.240723 -3.900134 1.309988 -4.689322 
33.986809 23.103245 -43.065868 -4.781129 0.580901 -3.958490 
35.212074 19.729864 -42.408409 -0.921310 -4.200362 -4.517838 
35.226768 19.403786 -41.977753 0.138008 -5.719897 -2.179285 
36.209099 20.229263 -43.045872 -1.549062 -3.589939 -4.909921 
36.058411 20.491076 -43.164711 -1.740254 -2.991680 -5.239922 
37.796162 20.005459 -40.487877 1.174619 -5.923514 1.712297 
38.029110 20.050690 -40.511719 0.738314 -2.939426 0.666826 
33.917152 22.834787 -42.981018 -5.262620 -0.239989 -3.337256 
34.858574 23.982595 -42.162884 -0.575605 5.881463 2.006943 
33.722572 22.887205 -42.550991 -5.961877 -0.850901 -1.276457 
37.056328 19.668262 -42.351505 1.170173 -5.924185 -1.433904 
36.992523 19.755526 -42.632694 0.703255 -5.663441 -2.482194 
36.770519 19.671349 -42.454155 0.120540 -5.896669 -2.010169 
34.362305 20.967718 -41.249474 -5.969005 -0.285663 1.901315 
34.337669 21.253664 -41.296356 -6.023024 -0.266976 1.747710 
34.427891 21.160345 -41.041107 -5.796765 -0.295068 2.373443 
35.158154 22.884705 -40.151958 -5.884167 0.581917 2.024621 
35.175110 22.694073 -40.029678 -5.721024 0.897440 2.404337 
33.889381 22.810070 -41.860310 -5.125136 -1.060785 3.413476 
37.747059 21.898870 -43.554897 3.311866 1.297396 -5.048137 
37.545982 22.073929 -43.574966 1.490345 2.002694 -5.735458 
37.786869 22.145708 -43.464493 2.813533 1.067514 -5.447111 
37.571354 22.352058 -43.483555 1.231581 1.647423 -5.918753 
36.561295 21.057602 -43.604187 -2.269130 -1.070798 -5.739089 
37.763767 19.992065 -42.263458 3.671495 -4.837293 -1.523454 
35.295845 21.539761 -43.445038 -1.355037 -2.763336 -5.470615 
35.141304 21.384809 -43.314888 -1.936974 -3.018960 -5.143911 
35.096043 21.588943 -43.413677 -1.781003 -2.868368 -5.288798 
34.232761 23.812290 -42.857239 -3.179082 4.668399 -2.431604 
34.022404 23.671158 -42.791889 -4.116554 3.898570 -2.345983 
34.137836 21.632498 -42.174110 -5.813723 -2.309484 0.385430 
34.027328 21.855982 -42.318256 -5.769998 -2.323484 0.542748 
34.026039 21.854403 -42.612202 -5.540424 -2.610542 -0.843201 
33.931461 22.089006 -42.481243 -5.923673 -1.934846 -0.033714 
35.499363 19.393053 -41.811661 1.116520 -5.971377 -1.014230 
34.534565 23.267509 -41.385246 -3.314131 2.747684 4.562131 
34.801846 23.410889 -41.273319 -3.493608 3.463720 3.873005 
34.626884 23.554321 -41.529259 -2.522937 4.007945 4.059442 
37.805241 21.013103 -43.500687 5.207606 -0.737997 -3.305165 
37.643478 20.837751 -43.673111 3.958162 -1.055487 -4.484918 
37.610832 21.117462 -43.736790 3.307816 -0.189031 -5.042241 
33.807285 22.781582 -42.750748 -5.776787 -0.839600 -2.198309 
34.695663 23.849239 -41.913555 -1.190062 5.490358 2.763761 
36.670105 19.786921 -40.665508 0.263791 -5.664467 2.683839 
36.788658 19.893749 -40.463680 0.167786 -5.546006 2.933770 
36.505699 19.885815 -40.476727 -0.222001 -5.403570 3.176736 
36.088779 20.503717 -39.807896 -2.157789 -4.176190 4.152415 
35.743828 24.016956 -42.781021 0.972805 6.076346 -1.049622 
35.733601 23.928495 -43.095650 1.081145 5.585621 -2.504292 
34.472633 20.871748 -40.986115 -5.575834 -0.643381 2.768184 
33.963753 22.559130 -41.828667 -5.348765 -1.253486 2.990136 
37.466011 20.698824 -43.745953 1.836146 -1.899986 -5.350143 
37.782391 20.717607 -43.437439 5.205101 -1.602406 -2.959334 
35.681145 20.754992 -39.846867 -3.186242 -3.269617 4.304118 
34.906258 24.066830 -42.477509 -0.496133 6.141508 0.772560 
35.263191 23.069647 -43.757904 -0.742833 0.977518 -6.121044 
35.011147 23.576086 -41.233349 -4.086044 3.850868 2.802403 
37.836269 22.363974 -43.410774 2.629162 1.282238 -5.387282 
35.062042 23.381975 -40.936356 -5.098201 2.714986 2.250558 
34.307022 21.530685 -41.353477 -5.988268 -0.376406 1.848641 
34.226395 21.596056 -41.624359 -6.054442 -0.810719 1.435255 
34.552975 21.071960 -40.793842 -5.400156 -0.601192 3.111030 
34.630135 20.794235 -40.744137 -4.965155 -1.198230 3.600603 
34.712994 20.989920 -40.576752 -4.864082 -1.103207 3.785605 
37.305824 22.215319 -43.561428 0.584437 1.842595 -5.973449 
38.119923 20.411425 -42.333885 4.325609 -3.445737 -2.934748 
34.955627 23.105841 -40.830387 -4.982496 2.582723 2.787765 
35.154938 24.035528 -42.306999 0.129008 6.035982 1.605827 
34.273727 21.338049 -41.544441 -6.137442 -0.546912 1.195971 
35.999939 19.498394 -41.443371 0.901279 -6.152655 0.675795 
36.013031 19.505941 -41.748959 0.952759 -6.163590 -0.660115 
37.193665 19.876890 -42.808395 1.223552 -5.562702 -2.572050 
38.429291 20.256344 -41.730145 2.751435 -5.191108 -2.214062 
38.681927 20.381296 -41.747730 1.211385 -2.494332 -1.280396 
38.605873 21.011589 -42.344997 1.470407 -1.036746 -2.528560 
38.396366 21.027864 -42.477585 3.691361 -1.778611 -4.742318 
38.492416 21.261616 -42.470970 1.915831 -0.543520 -2.427883 
35.933113 20.294672 -43.009571 -1.468401 -3.249604 -5.166387 
38.187401 20.646168 -42.472462 4.446494 -2.716162 -3.465203 
34.321346 21.179779 -42.180031 -5.803841 -1.973101 -1.294505 
35.474976 23.874998 -43.258099 0.320514 5.117720 -3.484810 
33.931133 23.667599 -42.557915 -4.407250 4.179763 -0.794786 
34.139351 23.198877 -41.623028 -3.718184 1.595402 4.746023 
36.240517 19.803720 -42.639713 -0.699589 -5.165355 -3.450049 
36.465740 19.870398 -42.786366 -0.890871 -4.932344 -3.729558 
36.498146 19.720919 -42.544701 -0.458431 -5.642905 -2.649661 
36.721085 19.790356 -42.711494 -0.304515 -5.423457 -3.081294 
37.546066 19.830698 -42.189892 3.059154 -5.354350 -1.103774 
37.427563 19.741949 -41.997631 2.489564 -5.715154 -0.595219 
37.671967 19.867363 -41.990993 3.071348 -5.386800 -0.926610 
35.355286 22.459309 -39.619534 -2.611599 0.118901 1.668895 
35.294472 22.194220 -39.703445 -5.094047 0.116136 3.671218 
35.459167 22.212606 -39.484493 -2.399257 -0.129428 1.969735 
34.351128 23.374422 -41.555771 -2.958098 2.792784 4.724755 
36.237492 22.983767 -43.707008 1.587331 1.193601 -5.904416 
36.515797 22.876078 -43.636562 1.990573 1.031687 -5.840084 
36.288708 22.697973 -43.724594 1.496127 0.279487 -6.064917 
36.871571 20.045698 -43.091087 -0.928320 -4.740846 -3.976748 
36.928814 19.884617 -42.879742 -0.023333 -5.303026 -3.287893 
36.676674 19.953775 -42.937214 -0.872948 -4.793007 -3.928425 
37.795959 19.900133 -41.751656 2.926748 -5.502166 -0.705048 
37.113613 19.994040 -43.054302 0.184857 -5.301505 -3.268480 
34.619053 20.715538 -42.456371 -4.692979 -1.444451 -3.898926 
36.752033 23.038406 -43.510948 1.995211 1.711440 -5.690469 
34.228382 21.403599 -42.044430 -5.962717 -1.941450 -0.180085 
34.372936 23.957518 -42.647694 -2.372484 5.586584 -0.784370 
34.555790 20.586855 -40.925045 -5.092894 -1.215430 3.412601 
37.029583 20.123379 -43.226944 -0.871947 -4.745708 -3.945476 
37.933853 20.523712 -42.881771 5.467854 -2.345124 -1.972978 
33.913494 23.259592 -42.940216 -5.001716 1.055397 -3.549833 
34.754555 21.968023 -43.474121 -2.405083 -2.346227 -5.277317 
34.492023 21.937786 -43.318649 -3.132095 -2.416205 -4.836568 
34.219337 22.507090 -41.462086 -5.142812 0.056134 3.599890 
34.305161 22.402443 -41.323219 -5.235273 0.407274 3.429015 
34.321518 22.633553 -41.339626 -4.775922 0.775949 3.992457 
34.933388 20.410984 -42.656361 -3.460046 -1.774970 -4.914550 
35.163471 20.390505 -42.792503 -2.741766 -2.272386 -5.148919 
35.298176 20.707609 -40.173054 -3.424265 -2.810930 4.440293 
37.980774 21.975105 -43.337425 4.628386 0.164325 -4.140842 
37.889626 21.675383 -43.455688 4.756994 0.045232 -3.982105 
37.656883 21.652718 -43.677250 2.915406 0.806945 -5.203614 
36.844231 20.236629 -43.275692 -1.698876 -4.112700 -4.426104 
37.415287 20.055180 -40.213772 0.465038 -5.720782 2.547110 
37.236763 20.101547 -40.098663 0.145027 -5.576048 2.886883 
37.158768 20.002464 -40.287273 0.343686 -5.633192 2.751679 
37.123375 19.637573 -42.029789 1.527038 -6.029192 -0.591852 
35.331940 20.135176 -42.742825 -1.895589 -3.013450 -5.130499 
38.291977 21.154316 -42.621117 4.581477 -1.392017 -4.033921 
38.380848 21.512411 -42.600319 2.425783 -0.438696 -1.894235 
35.032806 20.714903 -40.371094 -3.625971 -2.379370 4.522223 
35.218929 20.462456 -40.391190 -3.045820 -3.086668 4.535746 
33.778244 23.450493 -42.549049 -5.441965 2.451590 -1.092165 
33.880787 23.525944 -42.726791 -4.931802 2.897325 -2.272300 
35.485008 19.501795 -41.218143 0.121810 -5.490871 2.919737 
36.544571 22.587053 -43.651203 1.797344 0.173718 -6.007205 
37.640217 20.094091 -42.887352 3.640583 -4.589459 -1.908720 
34.669373 23.464115 -43.437290 -2.333106 2.649765 -5.156828 
35.767040 19.689949 -40.897701 -0.552386 -5.247502 3.363250 
35.834560 19.852779 -40.655899 -1.084186 -4.889731 3.768373 
35.543011 19.835970 -40.763565 -1.305570 -4.566993 4.082079 
34.973244 20.493111 -40.542622 -3.433741 -2.617656 4.545403 
36.042248 20.104954 -42.903793 -1.177743 -3.791740 -4.865577 
37.220745 20.700157 -43.764561 -0.647989 -2.150273 -5.635030 
37.401527 20.917736 -43.809654 1.245701 -0.759682 -5.859308 
33.955708 23.463488 -42.901321 -4.670624 2.345969 -3.356854 
34.656216 23.844183 -43.132484 -1.797460 4.682378 -3.618555 
34.711441 24.000710 -42.871136 -1.323141 5.719323 -2.014370 
36.738617 23.320511 -43.399853 1.857106 2.857829 -5.254201 
36.466167 23.202860 -43.561398 2.000135 2.269982 -5.464700 
34.588158 23.718473 -41.743153 -1.780718 4.883347 3.475134 
34.432583 23.771532 -41.911755 -1.921550 5.092195 3.082445 
36.279362 19.548195 -41.852570 0.441405 -6.222672 -0.701870 
36.027489 21.306604 -43.495525 -1.262081 -1.692364 -5.908332 
35.851566 21.196589 -43.415379 -1.411002 -2.147606 -5.732852 
35.785995 21.413246 -43.481537 -1.023818 -2.136709 -5.815267 
35.692501 19.573439 -41.103550 -0.003163 -5.509766 2.976730 
35.493187 19.663357 -40.988853 -0.667215 -4.927085 3.817210 
34.735680 20.436094 -42.505924 -4.140426 -1.222012 -4.545519 
35.233482 19.823042 -40.878391 -1.540046 -4.109342 4.463153 
34.373138 21.709667 -41.148197 -5.806385 -0.056209 2.384742 
37.780174 20.330652 -43.044861 4.821144 -3.322861 -2.057142 
37.563934 19.786892 -41.758644 2.608488 -5.695532 -0.362619 
38.390011 20.815052 -42.385288 3.537719 -2.586976 -4.480635 
34.319126 20.557858 -41.453472 -6.092312 -0.211712 1.389308 
34.291607 20.613367 -41.681618 -6.227861 -0.079765 -0.129058 
35.893608 24.022213 -42.521450 0.351650 6.235949 -0.297348 
36.061623 22.525087 -43.766224 0.835134 -0.284483 -6.196637 
35.409458 23.885553 -41.681622 -1.542155 5.999003 -0.085681 
35.570995 23.970631 -41.581909 -1.109864 2.849410 -0.760360 
34.082855 21.858837 -42.035450 -5.882219 -1.784286 1.271123 
35.975628 19.572405 -41.115864 0.259225 -5.844170 2.180806 
36.068287 19.714766 -40.810146 -0.351532 -5.455266 3.038702 
37.695137 19.837782 -41.559521 2.581122 -5.720032 -0.156327 
35.821171 24.008560 -42.359329 -0.282182 6.227584 0.693009 
35.709061 23.085495 -43.767712 0.344944 1.118063 -6.143397 
35.507793 22.957466 -43.785862 -0.164190 0.578184 -6.235724 
35.511982 23.208813 -43.748154 -0.089568 1.652448 -5.995249 
37.531181 21.861042 -43.668701 1.448258 1.846522 -5.674644 
35.269917 23.324432 -43.694641 -0.732013 2.277296 -5.726286 
36.537487 19.625090 -42.274696 -0.090053 -6.062874 -1.569068 
35.193470 23.948765 -42.061588 0.018178 5.980148 1.913932 
38.383587 20.568897 -42.209846 3.247442 -3.613789 -3.944201 
38.347290 20.092237 -40.981602 1.092701 -2.906939 0.045306 
38.195221 20.057215 -40.740223 0.923551 -2.941688 0.366604 
38.167191 20.029379 -40.966423 2.078167 -5.917005 0.357369 
37.315548 21.961851 -43.648689 0.220299 2.045924 -5.918682 
38.487701 20.436420 -41.987362 2.618009 -4.587717 -3.385941 
35.146511 20.253666 -40.579536 -2.727115 -3.258061 4.610914 
34.819916 20.735701 -40.546391 -4.208057 -1.857145 4.233789 
37.276085 22.477327 -43.482784 0.951804 1.483454 -6.014592 
35.517200 23.460936 -43.644577 -0.000241 3.100727 -5.375331 
34.806328 20.617771 -42.618652 -4.109590 -1.559911 -4.481586 
35.494171 23.686546 -43.471771 0.092372 4.277704 -4.526948 
35.763927 23.590796 -43.538616 0.773122 3.909727 -4.732299 
35.949505 23.055847 -43.751209 0.900107 1.196889 -6.054553 
36.138672 23.258072 -43.653561 1.532485 2.339814 -5.543623 
38.228249 20.893303 -42.572395 4.549008 -2.007288 -3.781253 
38.067524 20.715792 -42.717815 5.295700 -2.045971 -2.657465 
36.301315 19.630371 -40.995495 0.254052 -5.885980 2.113809 
35.216515 23.760275 -43.384998 -0.589772 4.430112 -4.329011 
34.944809 23.816793 -43.269749 -1.114200 4.576382 -4.057672 
36.737480 20.420427 -39.663074 -0.968191 -4.889540 3.814572 
36.442646 20.064232 -42.989826 -1.390700 -4.179922 -4.453681 
38.723080 20.551701 -41.991417 1.117588 -2.096317 -1.799322 
35.754959 22.870638 -43.788670 0.326265 0.402917 -6.246065 
35.449078 19.487469 -42.097675 0.786766 -5.499696 -2.794704 
35.747856 19.502197 -41.975201 1.106694 -5.902823 -1.771231 
35.836258 22.359875 -43.771454 0.315857 -0.809200 -6.201765 
35.798676 22.618546 -43.790722 0.319540 -0.148485 -6.260966 
34.308594 20.796518 -41.475365 -6.153741 -0.156599 1.079458 
37.501728 21.411842 -43.779255 1.949605 0.670020 -5.652474 
37.805641 21.352636 -43.553585 4.697355 -0.241887 -3.964164 
35.191750 21.758863 -43.527912 -1.409103 -2.608371 -5.528536 
35.538738 21.023342 -39.775211 -3.656608 -2.635606 4.361710 
35.475025 20.810163 -39.967541 -3.449088 -2.934444 4.348997 
35.789936 20.537088 -43.102055 -1.733329 -2.802291 -5.348022 
35.914028 20.753704 -43.252419 -1.782332 -2.553710 -5.453333 
35.971207 21.572252 -43.557911 -0.549581 -1.678956 -6.023265 
35.677711 20.327354 -42.956795 -1.576026 -2.963818 -5.302736 
35.524971 20.575924 -43.032246 -1.992649 -2.614594 -5.350134 
37.986225 20.793310 -42.973846 5.671271 -1.467890 -2.254259 
37.868187 20.603577 -43.164196 5.479841 -2.002705 -2.192768 
34.747585 20.530819 -40.709541 -4.205353 -1.979764 4.158523 
36.381561 19.751368 -40.722126 -0.064193 -5.576313 2.849514 
36.156631 19.888668 -40.521961 -0.762109 -5.155469 3.481467 
37.369419 20.501038 -43.662640 0.611876 -3.397711 -4.944739 
35.708019 21.662470 -43.566414 -0.552872 -2.223216 -5.845589 
35.615105 21.938313 -43.667709 -0.303662 -2.094515 -5.899779 
36.655331 23.861235 -42.905067 0.333429 2.681749 -1.687596 
36.364799 23.871458 -42.919632 0.563541 5.698945 -2.564509 
36.403149 23.962101 -42.680939 0.109195 3.031660 -0.988664 
35.737938 19.479406 -41.327225 0.742250 -5.951630 1.700691 
37.000137 22.888111 -43.467583 1.666840 1.382610 -5.892303 
34.945026 21.750387 -43.447197 -2.043143 -2.711152 -5.264985 
38.301888 21.755060 -42.764072 2.696421 -0.328005 -1.561492 
38.168728 21.796848 -43.019207 5.493182 -0.631144 -2.977308 
36.018444 22.792864 -43.770512 0.860361 0.364040 -6.187765 
34.276196 21.912060 -43.135818 -4.032077 -2.499266 -4.029855 
36.532303 19.599615 -41.167603 0.531545 -6.099305 1.355170 
37.097469 19.815926 -40.696686 0.854083 -5.808358 2.219180 
35.311157 22.519390 -43.774178 -0.727295 -0.518316 -6.197477 
35.389626 22.287081 -43.752247 -0.595567 -1.124046 -6.130730 
34.189514 22.698187 -41.504509 -4.737009 0.150003 4.110433 
35.075184 22.440720 -40.115875 -5.383498 1.256429 2.977083 
37.982990 21.468798 -43.270935 5.440245 -0.805995 -3.021768 
36.463604 20.177183 -40.047947 -0.856897 -4.989070 3.704589 
36.790131 20.216385 -39.932480 -0.556624 -5.167548 3.518018 
35.444584 21.720287 -43.560627 -0.878832 -2.504696 -5.686459 
36.053101 21.007889 -43.400887 -1.788904 -2.101026 -5.640726 
34.877514 20.919987 -40.414021 -4.260779 -1.639517 4.282746 
35.264420 22.792681 -43.779732 -0.756502 0.097677 -6.206375 
35.607758 20.021126 -40.548264 -1.801626 -4.303863 4.195993 
35.332146 20.030899 -40.659489 -2.028174 -3.876881 4.497008 
38.244362 20.059082 -41.247509 2.396573 -5.790488 -0.378926 
37.130756 20.192869 -39.932098 -0.210833 -5.406923 3.183325 
37.105576 20.476286 -43.607269 -1.441821 -3.576623 -4.810183 
36.911900 20.715794 -43.675339 -2.234666 -2.286066 -5.270196 
34.969803 23.679506 -41.445343 -2.910403 4.822418 2.656367 
35.641911 20.790844 -43.179901 -1.880014 -2.615100 -5.391944 
35.373917 20.835846 -43.097076 -2.278996 -2.670400 -5.206734 
35.498142 21.045877 -43.254906 -1.825732 -2.639750 -5.395124 
35.619968 22.205896 -43.748322 -0.094984 -1.364622 -6.109748 
36.192280 23.923429 -42.827579 0.669253 5.946374 -1.890384 
33.793411 22.587387 -42.528896 -5.987702 -1.578972 -0.715348 
34.677269 21.687529 -43.287258 -2.709826 -2.984396 -4.782336 
36.271137 19.673429 -42.389038 -0.313712 -5.810324 -2.325647 
35.207676 21.110527 -43.176907 -2.274255 -2.973073 -5.035291 
37.034405 19.901146 -40.479301 0.480989 -5.680241 2.630997 
36.934868 19.977095 -40.317501 0.137237 -5.531253 2.969803 
36.233070 19.992290 -42.855530 -1.136993 -4.301143 -4.418479 
35.764122 21.005455 -43.316914 -1.628016 -2.390801 -5.575794 
33.879654 22.331156 -42.659046 -5.952512 -1.530752 -1.084080 
34.414169 20.414768 -42.109913 -5.460436 -0.483872 -2.976342 
34.311676 20.388010 -41.850521 -6.049314 -0.232768 -1.312749 
34.641476 21.264967 -40.617462 -5.238681 -0.492346 3.397868 
34.810600 21.168152 -40.406540 -4.696918 -1.014911 4.003636 
34.735500 21.468132 -40.455627 -5.115890 -0.257652 3.602245 
36.679775 19.565226 -41.537548 0.496709 -6.249231 0.323225 
36.689415 20.028028 -40.231644 -0.277227 -5.313182 3.326689 
34.682434 20.325947 -40.877163 -4.239721 -2.011822 4.119487 
37.480927 20.189222 -39.935043 0.084239 -2.782071 1.395766 
37.288696 20.276999 -39.776260 -0.120509 -2.683671 1.575416 
36.297359 19.592289 -42.126385 0.085507 -6.111403 -1.404263 
35.806957 23.319397 -43.697517 0.734831 2.415987 -5.647971 
36.030167 23.489584 -43.550381 1.352723 3.536695 -4.951110 
37.375767 19.830961 -40.804321 1.284747 -5.906873 1.681069 
35.789436 20.926550 -39.636707 -3.282174 -3.057713 4.377474 
36.822853 19.607094 -42.169262 0.482952 -6.147682 -1.027948 
34.364594 23.731838 -43.088558 -2.779414 3.995088 -3.793263 
34.131538 23.607323 -43.007095 -3.774873 3.215679 -3.648880 
34.504814 21.351389 -40.852268 -5.617239 -0.190907 2.781187 
35.495895 21.907537 -39.486359 -4.478153 -0.791072 4.327443 
35.587620 21.963297 -39.379284 -2.213520 -0.466220 2.138973 
34.919750 21.375238 -40.231895 -4.754886 -0.883749 3.977696 
35.539742 21.480915 -43.467079 -1.060003 -2.527879 -5.650026 
36.358212 23.612436 -43.321461 1.657460 4.415804 -4.114702 
36.288277 23.444515 -43.495720 1.819705 3.379374 -4.930666 
36.169743 23.595936 -43.414589 1.561012 4.244917 -4.310069 
34.461967 23.034719 -41.319088 -3.835170 1.953700 4.562524 
37.637234 22.732841 -43.364113 1.632670 1.713321 -5.789499 
37.838120 22.768812 -43.269867 1.303957 0.916373 -2.699644 
37.742817 22.561874 -43.387222 2.087474 1.734754 -5.579032 
36.163048 24.022984 -42.428589 0.136353 3.242403 -0.369876 
36.027344 23.977917 -42.694244 0.852537 6.084090 -1.296729 
34.923271 21.512514 -43.300354 -2.342571 -3.103808 -4.919156 
34.508606 23.606518 -43.280743 -2.533148 3.227761 -4.647862 
34.739151 23.673897 -43.335480 -1.845258 3.729076 -4.632737 
36.011639 19.925289 -42.748234 -0.878592 -4.468154 -4.265828 
35.985455 19.740173 -42.494095 -0.355042 -5.349445 -3.220283 
35.764320 19.908207 -42.678452 -0.814831 -4.395335 -4.369716 
35.832840 20.105377 -42.858448 -1.174663 -3.645140 -4.963543 
35.635475 21.241415 -43.381477 -1.375190 -2.419158 -5.631203 
36.759090 19.567375 -41.728985 0.534567 -6.249029 -0.090192 
34.681740 21.095778 -42.778721 -3.991381 -3.309101 -3.532425 
34.762451 20.848938 -42.674961 -4.184913 -2.332608 -4.044227 
34.893982 20.961002 -42.873451 -3.590676 -2.922712 -4.232420 
34.987938 20.674339 -42.795479 -3.516885 -2.136744 -4.732063 
35.249786 23.550758 -43.566174 -0.714402 3.537609 -5.076611 
36.862606 20.451866 -43.471859 -2.167361 -3.606056 -4.650275 
35.384274 21.299734 -43.344223 -1.572737 -2.765067 -5.412690 
35.044853 21.018858 -40.219330 -4.100532 -1.869649 4.352691 
36.579285 19.571949 -41.966625 0.225709 -6.228923 -0.708806 
35.498444 19.399220 -41.496613 0.779322 -6.024509 1.144990 
35.754852 19.439758 -41.631348 1.284128 -6.093331 -0.094320 
36.592613 19.680416 -40.903427 0.406127 -5.877343 2.135559 
35.739258 23.778561 -43.336937 0.909947 4.906724 -3.748106 
35.977821 23.674541 -43.393684 1.276357 4.610798 -4.026957 
34.397736 21.438286 -41.098011 -5.858256 -0.151424 2.250826 
33.865894 22.325491 -42.355347 -5.966946 -1.760866 0.491223 
33.819794 22.528656 -42.250298 -5.897956 -1.854744 0.953190 
35.919918 21.076460 -39.443916 -3.287336 -2.838625 4.529543 
35.714123 21.179655 -39.541134 -3.611588 -2.495914 4.486022 
34.590160 21.548159 -40.685860 -5.444466 0.041817 3.109820 
35.350590 21.255306 -39.819759 -4.074348 -1.992441 4.335014 
35.299694 21.009666 -39.989803 -3.868365 -2.381764 4.324946 
34.337856 20.656199 -41.950722 -5.992979 -0.262613 -1.766227 
36.045273 19.561255 -42.031693 0.530005 -6.071183 -1.488071 
34.995972 23.880529 -41.885723 -0.709620 5.831904 2.191247 
35.334152 21.942900 -43.639896 -0.957814 -2.330501 -5.740195 
34.455215 21.837675 -40.976738 -5.616416 0.350140 2.786390 
34.684101 21.764765 -40.544510 -5.298257 0.454174 3.318697 
35.260281 20.617002 -42.939522 -2.622475 -2.396083 -5.169562 
33.924496 22.359026 -42.040619 -5.712546 -1.680922 1.918271 
35.268585 22.129484 -43.698212 -1.061519 -1.828816 -5.887918 
35.413979 23.978249 -42.191113 0.385536 6.019739 1.756009 
34.838444 21.693954 -40.307632 -5.140221 0.064570 3.588635 
36.175621 23.724537 -43.256374 1.415810 4.990279 -3.509648 
36.385754 23.762856 -43.112591 1.147113 5.135075 -3.408093 
35.966694 23.821976 -43.189232 1.304532 5.308261 -3.046584 
34.169518 21.622900 -41.900520 -6.029331 -1.501852 0.836453 
34.105869 22.520723 -41.622765 -5.164760 -0.617491 3.503986 
34.064262 22.317677 -41.754601 -5.535669 -1.122327 2.732183 
35.877880 20.023819 -40.430740 -1.522636 -4.654509 3.917241 
36.094952 20.052273 -40.316696 -1.281788 -4.848337 3.771173 
38.067230 21.335417 -43.049355 5.485507 -1.199529 -2.813947 
38.130196 21.589615 -43.032871 5.452949 -0.939031 -2.973670 
37.908844 20.892914 -43.235435 5.707521 -1.064113 -2.367799 
34.537022 20.181343 -42.237358 -4.709680 -1.198298 -3.910166 
36.890446 19.822748 -40.624065 0.511150 -5.708806 2.565269 
37.977303 22.243557 -43.335037 4.159170 0.457042 -4.490034 
37.998405 19.965462 -41.043953 2.014255 -5.932419 0.389407 
37.738968 19.899971 -40.898270 1.685142 -5.960328 0.984930 
36.862854 19.583368 -41.928452 0.713084 -6.201573 -0.458247 
37.026505 19.602018 -41.740158 1.245661 -6.134290 -0.041645 
35.263123 23.849108 -41.488506 -2.760190 5.565662 0.156338 
36.262840 20.329617 -39.918358 -1.498043 -4.621636 3.967536 
36.674301 20.641302 -43.510368 -2.461622 -2.815234 -5.020555 
36.703873 20.849701 -43.610962 -2.615458 -1.772770 -5.424554 
35.928085 20.704556 -39.714645 -2.761691 -3.669474 4.271637 
36.283039 21.182304 -43.530704 -1.759744 -1.271704 -5.880430 
34.439186 21.746264 -43.170383 -3.415704 -2.977047 -4.288033 
35.134403 21.292675 -40.013241 -4.396857 -1.538171 4.179682 
35.069088 20.061861 -40.759911 -2.425470 -3.367353 4.699491 
35.462952 23.924480 -42.006348 -0.161260 6.151453 0.985389 
34.497906 22.807636 -41.197739 -4.394673 1.631984 4.170906 
35.207558 19.549551 -42.220341 -0.268048 -4.870524 -3.808282 
34.902576 20.287870 -40.713104 -3.305050 -2.703105 4.580949 
36.532219 23.471996 -43.383839 1.838507 3.602403 -4.752459 
36.733864 23.547829 -43.240387 1.410308 3.942399 -4.670793 
35.405834 20.224308 -40.458290 -2.436572 -3.731506 4.417920 
36.210297 20.688911 -39.560017 -2.225940 -4.015585 4.263120 
36.347019 20.024025 -40.283340 -0.744503 -5.096598 3.575475 
37.331169 19.926802 -40.492744 0.783347 -5.803051 2.249917 
35.419765 20.356201 -42.889305 -1.994280 -2.654802 -5.317052 
38.031494 22.502338 -43.232113 1.967734 0.626029 -2.371643 
37.298798 21.183722 -43.833794 0.316312 0.191817 -6.070232 
37.061035 20.276236 -43.405064 -1.286832 -4.366864 -4.248635 
35.241211 21.510975 -39.828850 -4.472564 -1.193413 4.216697 
35.028660 21.635500 -40.047886 -4.898965 -0.497647 3.859279 
35.383110 19.614208 -42.288605 0.076800 -4.963794 -3.834868 
35.321747 23.895218 -41.854855 -0.555346 6.133706 1.152329 
35.689751 19.734566 -42.467316 -0.236339 -5.029899 -3.694927 
35.766090 21.349712 -39.412430 -3.694861 -2.134824 4.604299 
35.720520 21.478569 -39.396545 -3.848471 -1.763070 4.639906 
35.654114 21.358179 -39.501091 -3.829175 -2.043311 4.536305 
36.884346 21.703049 -43.681309 -1.057975 1.034577 -6.097527 
36.905006 19.587608 -41.512638 0.918954 -6.174558 0.446527 
37.190823 19.649736 -41.486053 1.636842 -6.022505 0.467106 
34.825970 23.758915 -41.689270 -1.652824 5.266061 2.947260 
35.508896 19.913527 -42.634846 -1.004495 -4.055615 -4.645952 
37.933292 21.184748 -43.275368 5.620312 -0.860613 -2.663178 
37.874771 19.982731 -40.649025 1.481711 -5.968632 1.255381 
34.553497 21.815533 -40.777649 -5.484749 0.522942 2.996273 
34.163212 22.092781 -41.615231 -5.750108 -0.716720 2.408562 
34.917110 22.228128 -40.287437 -5.283189 1.194407 3.160644 
34.932392 21.930187 -40.184067 -5.197587 0.470767 3.465492 
35.049335 22.138939 -40.054810 -5.211946 0.809049 3.404738 
35.976006 23.925854 -42.945045 1.202021 5.834319 -1.954855 
34.056206 22.093176 -41.895237 -5.772372 -1.452427 1.987145 
34.154106 21.849995 -41.747765 -5.940915 -1.098370 1.692974 
34.188004 22.327326 -41.521553 -5.468843 -0.353403 3.060261 
36.343887 20.900120 -43.472134 -2.213981 -2.007923 -5.515944 
35.175186 22.045267 -39.855072 -5.062046 0.280267 3.697928 
35.326561 21.968857 -39.661278 -4.766606 -0.316672 4.060793 
35.063377 21.902523 -39.997047 -5.072266 0.202671 3.685607 
35.957207 24.022606 -42.357594 -0.227836 6.237388 0.400000 
35.413048 21.444996 -39.681816 -4.194163 -1.577956 4.392187 
35.529057 21.289457 -39.639671 -3.917534 -2.112606 4.421489 
35.567936 21.494753 -39.519627 -4.066952 -1.570532 4.508980 
36.643772 21.794693 -43.637253 -0.608214 0.239561 -6.238966 
37.391304 23.070690 -43.318378 1.581985 2.015891 -5.730112 
37.625492 23.020056 -43.265091 0.904991 1.043886 -2.814046 
37.464977 22.861498 -43.366714 1.356803 1.688781 -5.885905 
34.282948 21.166662 -41.922825 -6.120968 -1.197681 -0.671657 
36.189117 20.705708 -43.324772 -2.021196 -2.595865 -5.347556 
34.979420 23.436268 -41.115421 -4.211957 3.299138 3.268696 
34.833694 20.095320 -40.871857 -3.266680 -2.765082 4.541845 
34.446110 20.683100 -42.209927 -5.414993 -0.815780 -3.023571 
34.036942 22.749548 -41.673496 -4.836097 -0.441714 3.941285 
34.575016 24.009323 -42.705540 -1.542668 5.942291 -0.954038 
34.473915 23.920935 -42.896263 -2.145964 5.227032 -2.473649 
37.645447 22.847797 -43.324821 1.951182 1.993636 -5.597989 
37.242805 22.740879 -43.436470 1.272230 1.265814 -6.019424 
35.535774 22.702944 -43.796696 -0.150301 -0.036979 -6.265173 
34.231056 21.384596 -41.789021 -6.137393 -1.156221 0.444430 
36.196640 23.966919 -42.657803 0.321593 6.084172 -1.498532 
34.472473 21.618219 -40.918133 -5.675260 0.101203 2.675868 
36.991322 20.080862 -40.130428 -0.066445 -5.438721 3.133586 
36.740578 19.590210 -41.328308 0.647702 -6.171595 0.910162 
35.857525 19.617294 -42.248188 0.349759 -5.732221 -2.511969 
36.089199 19.630411 -42.257118 0.033819 -5.897029 -2.142225 
37.899136 19.930065 -41.509258 2.614861 -5.689805 -0.417746 
38.134350 20.031813 -41.467857 2.610237 -5.653654 -0.769455 
38.024940 19.970371 -41.276192 2.331671 -5.825977 -0.152235 
34.349316 20.925997 -42.058231 -5.951328 -0.949221 -1.713034 
37.006783 23.201984 -43.368153 1.587085 2.328347 -5.601632 
35.443531 22.101635 -43.712326 -0.528666 -1.822927 -5.966351 
35.441452 19.738680 -42.450714 -0.489893 -4.640837 -4.152602 
34.563801 20.444166 -42.328285 -4.806370 -0.863255 -3.925887 
34.057552 23.362059 -43.078331 -4.264111 1.732395 -4.161331 
34.423641 22.540991 -41.190655 -4.858051 1.109904 3.816635 
34.793865 22.001442 -40.423206 -5.292237 0.870323 3.260019 
34.650661 22.051279 -40.671413 -5.304251 1.051746 3.185003 
35.413097 21.686703 -39.611546 -4.385239 -0.976971 4.376047 
34.786938 22.334270 -40.566166 -5.248112 1.513469 3.099375 
35.262352 19.923464 -42.581631 -1.485239 -3.565756 -4.895849 
35.277458 22.697596 -39.779964 -2.810693 0.215458 1.307158 
35.210217 22.516809 -39.886066 -5.536003 0.747168 2.865948 
35.218521 22.927231 -39.955967 -2.968744 0.147016 0.990024 
36.544109 20.816381 -43.527634 -2.424737 -2.061793 -5.402325 
34.741192 24.047871 -42.652622 -1.025588 6.141957 -0.442132 
35.584652 20.115679 -42.807625 -1.355575 -3.404042 -5.068866 
35.580357 22.449884 -43.785580 -0.130796 -0.610738 -6.232688 
34.995338 21.077995 -43.039761 -2.960851 -3.189524 -4.520320 
35.124046 23.833288 -41.668968 -1.487538 5.839466 1.628038 
34.934345 24.067110 -42.753334 -0.598678 6.094521 -0.936299 
35.595989 19.600183 -42.259846 0.421721 -5.393196 -3.130836 
37.488171 22.618353 -43.419636 1.023594 1.502488 -6.012510 
36.178547 23.842640 -43.047749 1.132267 5.568985 -2.652902 
34.648777 23.107969 -41.195034 -3.904262 2.515758 4.218198 
35.118343 20.878208 -42.987957 -2.943405 -2.729508 -4.823955 
38.052376 21.735159 -43.213955 5.331554 -0.555194 -3.255205 
34.576439 22.575335 -41.010490 -4.845466 1.597273 3.656880 
34.742771 22.893064 -40.968449 -4.580205 2.283252 3.628990 
34.746326 22.596287 -40.780159 -5.013463 1.917105 3.261724 
34.266228 23.487745 -43.198601 -3.379312 2.482343 -4.578370 
33.967541 22.093151 -42.183739 -5.840691 -1.882230 1.249024 
34.678364 20.240145 -42.402954 -4.182061 -1.340355 -4.452656 
38.118080 20.978916 -42.788097 5.268194 -1.554747 -3.025805 
38.035629 20.027126 -41.706154 2.991910 -5.392216 -1.158184 
36.719524 23.692760 -43.105556 0.878960 4.621569 -4.149310 
36.914864 23.696779 -43.068516 0.457361 2.139840 -2.264929 
38.560390 20.740660 -42.228779 2.505748 -3.175615 -4.786307 
37.222507 22.994970 -43.383709 1.388371 1.699502 -5.882246 
36.566433 23.659401 -43.183861 1.353323 4.580507 -4.069461 
36.178814 20.175167 -40.132835 -1.367258 -4.742685 3.870186 
36.017994 20.873285 -39.516376 -2.879087 -3.426594 4.391094 
35.648369 23.988823 -42.283951 -0.025025 6.102051 1.415067 
38.017635 21.070734 -43.022388 5.597697 -1.158004 -2.573160 
34.420853 23.349585 -43.357761 -3.066732 2.027874 -5.058660 
38.289486 20.138510 -41.620987 2.770891 -5.412924 -1.530973 
35.735134 21.715750 -39.301418 -2.027425 -0.676997 2.265876 
34.988148 19.736015 -41.044693 -2.022130 -3.919826 4.411148 
38.151562 20.019199 -41.103596 2.208230 -5.879787 0.040293 
34.870117 23.220278 -41.056057 -4.259571 2.906123 3.566913 
35.193569 21.787762 -39.828472 -4.768541 -0.395946 4.036650 
37.306828 19.678852 -41.751728 2.030025 -5.920858 -0.137828 
37.620895 19.934578 -40.614906 1.180260 -5.935018 1.653802 
35.187153 22.298052 -39.873657 -5.318199 0.634893 3.273241 
36.915237 23.456011 -43.261189 1.331456 3.372502 -5.108886 
34.980576 19.915596 -40.904785 -2.360136 -3.445239 4.650274 
38.697598 20.765678 -42.194626 0.874109 -1.625364 -2.321009 
38.172375 21.254742 -42.821262 5.219106 -1.300502 -3.230780 
38.209908 21.486229 -42.855602 5.325314 -1.063824 -3.153487 
