30.154669 17.027559 40.947052 1.123746 3.590330 -4.860492 
29.916592 16.895172 40.810875 0.154050 2.130868 -1.414436 
29.977678 17.064167 40.987907 -0.127097 1.770103 -2.136669 
32.459682 17.754618 38.584942 -2.585038 0.844378 1.252902 
32.294849 17.546864 38.492970 -1.945095 1.117392 1.954482 
32.466492 17.556635 38.711369 -5.146234 1.021686 3.334838 
32.532139 17.751406 38.794861 -5.909227 1.099616 1.724417 
32.582722 17.958418 38.729286 -2.799822 0.866458 0.455410 
33.127247 15.612351 42.251602 -3.360622 2.577447 -4.364083 
32.967869 15.414647 42.196705 -1.503959 4.075141 -4.114965 
32.853813 15.608944 42.370644 -0.696427 3.323271 -5.019381 
32.426163 15.948632 42.459526 2.577040 1.432244 -5.280607 
32.393566 15.751717 42.339352 2.567074 2.776452 -4.974963 
32.234901 15.996320 42.340759 3.171980 1.161464 -5.260085 
30.795662 15.503594 40.441475 5.006237 3.195688 1.587908 
30.818783 15.675134 40.186253 4.833127 2.521736 2.905454 
30.675257 15.759469 40.445934 5.539681 2.237455 1.799715 
30.386440 16.893139 41.019180 4.073632 1.664729 -4.312934 
30.332571 17.184116 41.063732 1.608078 1.888572 -5.621868 
33.029797 15.302639 42.009563 -2.125554 4.920003 -2.986163 
32.818058 15.296847 42.065250 -0.221326 5.028271 -3.620317 
32.763218 15.439391 42.225666 0.430350 4.280483 -4.492278 
33.197739 15.443185 42.056129 -3.737750 3.561516 -3.105038 
33.189003 15.306299 41.826351 -3.654110 4.539723 -1.813293 
32.073826 15.332006 39.583195 1.429845 4.067255 4.534346 
32.344952 15.233980 39.621449 0.297229 4.615045 4.186855 
32.278309 15.445687 39.425297 1.106294 4.173197 4.530015 
32.566704 17.309088 41.740128 -2.936541 -4.312628 -3.401103 
32.748039 17.120064 41.814476 -3.292735 -4.346802 -3.026970 
32.519711 17.126587 41.966984 -1.821975 -4.176598 -4.250526 
32.163609 14.752740 40.861084 0.396941 6.028258 -0.657612 
31.909853 14.833999 40.962219 1.522757 5.950784 -1.236267 
32.134716 14.837292 41.151974 0.670432 5.938997 -1.819613 
32.405788 14.799386 41.037910 -0.841859 5.984240 -1.240740 
33.555756 16.274902 40.571140 -6.234719 -0.390210 -0.374663 
33.531689 16.241138 40.847935 -6.174227 -0.651766 -0.787248 
33.509937 16.514980 40.705482 -6.073028 -1.223317 -0.895672 
32.192074 14.770651 40.563229 -0.056751 6.065025 1.098388 
31.947008 14.786337 40.684517 1.270193 6.058651 0.130879 
32.426540 14.774898 40.732933 -1.275780 6.005966 0.287292 
30.545534 17.090652 41.157032 3.360694 0.207590 -5.257246 
32.609116 15.783518 42.462097 1.206203 2.608292 -5.310384 
32.591480 15.567349 42.299480 1.401743 3.712876 -4.805720 
32.367653 15.534212 42.187572 1.997183 3.509438 -4.776524 
32.646622 14.852592 40.901360 -2.166050 5.842333 -0.354551 
32.372196 14.885414 41.320614 -0.242840 5.912820 -2.005183 
32.929562 17.056618 41.634258 -4.265254 -4.024335 -2.227415 
32.921124 16.936953 41.879131 -3.878666 -4.171844 -2.520701 
32.106377 17.523422 41.742664 -0.865930 -4.490660 -4.156520 
32.168926 17.673635 41.516460 -1.728413 -4.991465 -3.333853 
32.376846 17.508621 41.639149 -2.395988 -4.613171 -3.371337 
30.946228 17.172558 41.426193 3.577951 -1.383938 -4.969161 
30.731831 16.994955 41.306545 3.853130 -0.929150 -4.867016 
30.719322 17.265076 41.255573 3.032733 -0.427963 -5.447584 
31.875547 15.226934 39.754196 1.829686 4.260330 4.191314 
32.136028 15.118406 39.776344 0.889402 4.752606 3.887742 
32.407604 15.050056 39.850609 -0.312314 5.211050 3.357536 
31.714790 14.857521 40.761162 1.857018 5.949623 -0.445998 
31.661390 14.922636 41.035007 2.023559 5.722898 -1.507172 
32.619751 15.186544 39.706505 -1.077877 4.936526 3.661164 
33.465393 15.959690 41.587040 -6.165481 -0.503772 -0.875234 
33.437134 15.820730 41.833466 -5.897537 0.208741 -1.563870 
33.404579 16.103323 41.808079 -5.868815 -1.336818 -1.553471 
30.821348 15.475106 40.925938 4.586646 3.870446 -1.466708 
30.966385 15.490193 41.216927 4.061515 3.764875 -2.871035 
31.058651 15.293278 41.033360 4.042001 4.344947 -1.982245 
32.134624 15.501487 42.061371 2.268190 3.349501 -4.766819 
32.114071 15.290094 41.879124 1.879520 4.009022 -4.427189 
31.902170 15.470692 41.917618 2.469591 3.279517 -4.741544 
31.925713 15.706669 42.074257 2.729940 2.380331 -5.091262 
32.162956 15.742908 42.215862 2.673256 2.347964 -5.133554 
31.955935 16.019432 42.190849 2.947616 0.950621 -5.420325 
30.926607 15.716783 41.397327 4.044363 2.823315 -3.795148 
31.132812 15.529211 41.445366 3.733818 3.308054 -3.780584 
30.753069 15.693752 41.158146 4.692214 3.002578 -2.589894 
33.417030 16.234634 41.561012 -5.934422 -1.642233 -1.144029 
33.321991 16.366449 41.774460 -5.682837 -2.194395 -1.496193 
33.511654 16.311350 39.743336 -6.124686 0.045236 1.191993 
33.548813 16.313427 40.019371 -6.220806 -0.064740 0.553149 
33.511860 16.567596 39.865192 -6.115334 -0.959676 0.805207 
32.885338 15.908405 42.523163 -1.395747 1.197783 -5.384370 
32.574848 17.606192 38.941898 -5.680908 -0.703486 2.448716 
32.564037 17.337324 38.841892 -4.314463 -0.680374 4.382478 
33.061260 15.783605 42.384747 -3.217267 1.853435 -4.765263 
32.688999 16.625210 38.804096 -1.375286 -0.118352 5.992765 
32.443253 16.572802 38.799091 0.528373 0.885746 6.141816 
32.617935 16.372553 38.813450 -0.323576 1.156101 6.006108 
32.852299 16.436621 38.855091 -2.340198 0.579123 5.584155 
32.842350 17.651115 40.684547 -4.038943 -4.606079 -1.277160 
32.898163 17.507748 40.953697 -4.053138 -4.276532 -2.026195 
32.665134 17.713144 40.907513 -3.636355 -4.687145 -2.035519 
33.480186 16.088863 41.355343 -6.148909 -0.852542 -0.847231 
33.493736 15.825823 41.369568 -6.200014 0.388725 -0.579669 
32.865673 15.339105 39.594448 -2.098552 4.664154 3.471156 
32.844326 15.184147 39.834969 -2.355053 4.915069 3.095566 
30.695158 15.951700 40.229427 5.466076 1.690687 2.510416 
30.494263 17.361660 41.158417 1.608030 1.208279 -5.835723 
30.660997 17.541691 41.226917 1.408254 0.662066 -5.966916 
30.420082 17.621916 41.235016 0.184201 0.790185 -2.936214 
31.502281 15.621023 41.785236 2.948187 2.655422 -4.859294 
31.327021 15.798772 41.766151 3.191544 2.139115 -4.939662 
31.529961 15.836063 41.902130 3.020060 1.902384 -5.151202 
31.706564 15.657416 41.925770 2.819414 2.577763 -4.966375 
33.561283 16.302397 40.297279 -6.250730 -0.225624 0.078397 
33.556164 16.037691 40.427322 -6.228101 0.567919 0.105694 
32.612621 17.443110 41.485821 -3.467714 -4.435941 -2.749958 
32.552456 18.317167 39.815582 -6.040049 0.108021 -1.465103 
32.525291 18.568792 39.964417 -5.513835 1.271136 -2.659756 
32.626129 18.572361 39.752338 -5.415181 2.119177 -2.276281 
32.577869 18.187220 39.553082 -6.141008 0.222977 -0.639371 
32.630100 18.419958 39.539745 -5.613371 2.106545 -1.593517 
32.386639 16.308285 38.857334 1.524703 1.699576 5.741286 
32.531666 16.833828 38.780880 -1.238237 0.098471 6.072769 
33.147457 16.931545 39.174171 -4.506299 -2.186618 3.523737 
33.103928 16.697933 39.040798 -4.161459 -0.968317 4.444669 
33.267838 16.700588 39.247295 -5.055322 -1.224647 3.428596 
33.080235 17.413057 40.705521 -4.636195 -3.966738 -1.286177 
31.725071 15.898101 42.036278 2.940226 1.548381 -5.298615 
33.329891 16.497566 41.523258 -5.641784 -2.355322 -1.419473 
32.713127 17.451227 39.090862 -4.821340 -2.604793 3.006412 
31.379248 16.026512 41.870090 3.070097 1.186025 -5.331556 
31.561602 16.031736 41.973564 3.020358 1.016530 -5.401249 
33.329086 15.688745 42.073471 -4.972545 1.343540 -3.019228 
33.217701 16.620836 41.735233 -5.317038 -2.924183 -1.553070 
32.643524 17.667370 39.184555 -5.646930 -1.995310 1.647805 
32.787155 17.520996 39.331715 -4.738108 -3.548208 2.068516 
30.739744 15.937076 41.324772 4.744635 1.784391 -3.508439 
30.935503 15.975662 41.547001 4.064124 1.632459 -4.415028 
32.967468 17.586151 40.436489 -4.323678 -4.485351 -0.517033 
32.581207 17.873156 38.995178 -6.146186 0.547404 0.649927 
32.662106 16.377584 42.516491 -0.009167 -1.606564 -5.673022 
32.910305 16.500790 42.388535 -2.770758 -2.683625 -4.609976 
32.909657 16.204580 42.507954 -2.264794 -1.001598 -5.319455 
30.840153 17.718306 41.286961 1.352618 0.069596 -6.079364 
30.591990 17.802052 41.274323 0.230613 0.470974 -3.063929 
32.838123 17.708950 40.207714 -4.324763 -4.548456 0.057854 
33.044033 17.514318 40.178654 -4.481274 -4.365208 0.257132 
32.596382 18.006437 39.770290 -5.863239 -1.981613 -0.068070 
32.611393 17.929253 39.514320 -5.947821 -1.675097 0.407055 
33.198479 16.444429 39.116295 -4.489596 -0.029161 4.291221 
33.343342 15.399731 41.586815 -4.964391 3.491952 -0.828775 
33.369850 15.530913 41.843075 -5.206608 2.542194 -1.656705 
32.638523 18.301149 39.358402 -5.741794 2.027845 -1.373533 
32.597466 18.112844 39.319183 -6.123721 0.692350 -0.570690 
32.768440 15.522181 39.341190 -1.332901 4.324930 4.245103 
32.561634 15.362299 39.476067 -0.363572 4.634747 4.136298 
33.453823 15.675925 41.595867 -6.014643 1.284024 -0.773594 
33.464134 16.535561 39.592503 -5.942617 -0.767670 1.680989 
32.742802 17.731529 39.708080 -5.009989 -3.596382 0.983693 
32.701382 17.834215 39.988232 -4.957983 -3.799700 0.197729 
30.976889 15.411723 40.214794 3.988994 3.658249 2.884448 
33.531475 16.569578 40.155312 -6.165767 -1.044067 0.163009 
32.584843 15.376938 42.127850 1.067107 4.426799 -4.260515 
31.698755 16.882017 38.874466 1.370956 4.478031 4.112079 
31.767630 16.657852 39.048119 2.702893 3.126942 4.636368 
31.972881 16.751507 38.865471 1.918388 2.916000 5.174052 
32.384167 16.244183 42.459476 2.528095 -0.393600 -5.562701 
32.081680 17.350801 38.486847 -1.096432 1.600865 2.361905 
32.325993 17.339956 38.637409 -3.441723 1.867938 4.824389 
32.425545 17.637472 41.374146 -2.853000 -4.826378 -2.790791 
32.770283 17.248098 41.573971 -3.872638 -4.203065 -2.593243 
31.156813 16.006109 41.733318 3.456350 1.430948 -4.977293 
31.002655 16.250156 41.666069 3.888994 0.325898 -4.820293 
32.435677 17.916018 40.846615 -3.667170 -4.522237 -2.335066 
32.446625 17.771955 41.107925 -3.145108 -4.748576 -2.625585 
32.212070 17.969286 41.029236 -3.087870 -4.424249 -3.199379 
30.522802 16.265902 40.532452 5.898831 1.682491 1.271051 
30.512817 16.447031 40.353905 5.124158 2.950344 1.831631 
30.419621 16.497126 40.568302 5.395498 3.078310 0.310764 
30.956276 15.290041 40.490524 4.067421 4.412860 1.083552 
33.314587 15.580613 39.841145 -4.940513 3.312348 1.817302 
33.171936 15.362885 39.925587 -4.245365 4.108842 1.994661 
33.328575 15.476623 40.110584 -5.066867 3.378535 1.323694 
33.123165 17.177343 39.378540 -4.573127 -3.345025 2.504013 
32.970482 17.111244 39.113674 -4.010458 -2.798424 3.858094 
32.630657 16.069832 42.541374 0.771063 0.331934 -5.960330 
31.616816 17.051468 38.672600 0.171095 2.326997 2.035872 
31.393517 16.955114 38.835678 0.437276 2.534997 1.750018 
30.831778 15.407662 40.663727 4.735109 3.944560 -0.081226 
33.428864 16.361910 41.307648 -5.921595 -1.678205 -1.192614 
33.297161 15.358992 40.371586 -4.907201 3.781307 0.804035 
33.447559 15.607821 40.326679 -5.611239 2.552053 0.709456 
30.267515 17.436506 41.160706 0.235088 1.090493 -2.943499 
33.171196 17.372288 40.406441 -4.866494 -3.858877 -0.492509 
33.078388 16.734133 41.937275 -4.602200 -3.578820 -2.170042 
33.209625 16.492929 41.991936 -5.224321 -2.580376 -2.117656 
33.040169 16.610825 42.175819 -4.130784 -3.233555 -3.197715 
33.543411 16.054312 40.163879 -6.178144 0.806224 0.549845 
33.409286 15.455835 41.100712 -5.486910 2.884605 -0.084469 
33.493046 15.664695 40.840393 -5.940832 1.811385 -0.003082 
33.341972 15.356796 40.853100 -5.143608 3.515379 0.198471 
33.407551 15.486174 40.591370 -5.462652 2.972431 0.358189 
32.194771 17.813681 41.272655 -2.323456 -4.840963 -3.237011 
33.498505 16.186998 41.114941 -6.144024 -0.880057 -0.889830 
33.451344 16.506725 41.010834 -5.917529 -1.612308 -1.287559 
30.585520 16.017134 40.479565 5.857825 1.387623 1.694119 
30.698702 15.605793 40.679798 5.337960 3.129409 0.239191 
32.862888 15.856127 39.091610 -1.572877 3.207845 5.073283 
33.070869 15.910239 39.148163 -2.950357 2.729723 4.624816 
32.928410 16.051497 39.015392 -2.283871 2.317488 5.301989 
33.114040 16.024557 42.382427 -4.114240 -0.205682 -4.462455 
33.339581 16.640217 41.268757 -5.587349 -2.364139 -1.587908 
32.190605 14.954686 40.016930 0.339057 5.532234 2.770765 
30.865061 15.896457 39.971382 4.567804 2.107415 3.633103 
32.691006 17.709770 39.431149 -5.386351 -2.865263 1.304730 
32.662205 15.963546 38.989384 -0.533934 3.030248 5.401946 
32.431084 15.798664 39.087364 0.800242 3.340439 5.108387 
32.692883 15.721129 39.150955 -0.736853 3.765739 4.907000 
33.513062 16.060497 39.888691 -6.084803 1.046948 0.938899 
32.489429 15.565066 39.265823 0.328109 4.136100 4.593852 
31.598448 15.907728 39.443180 2.766409 2.177254 5.197982 
31.349829 15.900269 39.579765 2.961542 2.289811 5.027781 
31.535158 15.632404 39.606213 2.699967 2.899249 4.833901 
33.297199 16.228165 42.018257 -5.572227 -1.693066 -2.245844 
32.124325 16.287680 42.298065 3.085379 -0.255126 -5.440075 
31.566637 16.800671 39.030003 1.571428 4.449591 3.965447 
31.278641 15.694919 39.730949 3.188742 2.746989 4.640899 
31.069042 15.611917 39.941936 3.723724 2.958630 4.009525 
31.355953 15.465528 39.832474 2.964238 3.463294 4.271261 
30.343971 16.628025 40.345882 3.573670 4.995081 0.718229 
30.092337 16.730665 40.309044 1.095430 2.765777 -0.073344 
30.262085 16.704130 40.559555 3.675630 4.765095 -1.162634 
32.779236 16.197546 38.891823 -1.618450 2.085169 5.552004 
32.140648 17.189789 38.624874 -1.679485 2.899544 5.285704 
32.654747 17.072933 38.847771 -3.040302 -1.041544 5.312914 
32.374195 17.076046 38.725697 -1.885822 0.943415 5.796843 
31.848524 17.181107 38.549637 -0.308298 1.923810 2.383659 
33.511547 15.767583 40.531063 -6.046510 1.583546 0.191077 
32.600784 17.888096 39.264595 -6.119317 -0.861058 0.512073 
33.423038 15.834399 39.738918 -5.530187 2.343043 1.544474 
33.464447 15.773988 40.050980 -5.771601 2.101114 1.068733 
30.777960 16.215635 41.447723 4.582988 0.592344 -4.164224 
32.107460 14.940016 41.430943 0.897528 5.572419 -2.600458 
33.368214 15.905019 39.481724 -5.056686 2.409743 2.468181 
33.259048 15.670981 39.580051 -4.428246 3.529121 2.567087 
32.388271 16.053829 38.961472 1.379300 2.600938 5.471415 
32.218216 15.675877 39.246437 1.839676 3.591830 4.760522 
31.787958 15.717876 39.431980 2.564743 2.754624 5.015945 
31.834297 17.504345 41.757477 0.928846 -3.959167 -4.665628 
31.986006 17.335947 41.917439 0.472281 -3.353232 -5.071064 
31.690113 17.240540 41.885788 2.119996 -2.444132 -5.256153 
33.497395 15.733864 41.139294 -6.131371 1.150899 -0.297902 
30.972643 16.823565 39.220551 0.918106 2.507354 1.613114 
31.188986 16.757969 39.226994 1.792722 4.712973 3.658877 
31.179676 16.882706 39.022598 0.662525 2.595798 1.613281 
33.284977 16.011267 39.277489 -4.417505 1.894708 3.762569 
33.181438 15.776141 39.343254 -3.695891 3.411013 3.562589 
31.122355 15.759410 41.598698 3.628217 2.475070 -4.454919 
31.977646 14.824756 40.419209 0.815913 5.970726 1.592914 
31.309940 15.576715 41.636158 3.334557 2.880565 -4.437008 
31.843441 16.980158 38.741589 0.558786 4.112907 4.675036 
31.214544 15.338499 40.062180 3.217368 3.983423 3.564632 
32.262047 16.783583 38.776131 0.556040 1.544457 5.999274 
31.457600 15.236921 39.983559 2.702369 4.228853 3.737764 
31.617493 15.347605 39.770130 2.436294 3.823038 4.306557 
31.213814 15.097382 40.866585 3.571050 4.933774 -1.098308 
30.990419 15.267486 40.762135 4.101923 4.635822 -0.736124 
30.527523 16.089209 40.714569 6.144232 1.060186 0.533955 
31.873375 14.915047 41.241562 1.571991 5.674150 -2.041768 
32.168293 15.934157 39.095482 2.420634 2.614188 5.061437 
32.567665 16.166113 38.876759 0.175855 2.395105 5.658531 
32.284199 16.525400 42.346012 2.532175 -1.674227 -5.444498 
32.020641 15.569308 39.414444 2.042807 3.483786 4.791041 
32.207951 14.855067 40.289513 -0.057369 5.953208 1.933837 
33.230305 17.301598 40.143623 -5.001587 -3.720303 0.238972 
32.683907 16.621964 42.389500 -0.861512 -3.266029 -5.107513 
32.483185 16.509764 42.436638 1.441695 -2.113573 -5.561292 
32.073765 16.995110 38.716885 -0.161420 2.918914 5.502977 
31.941269 15.040237 39.950207 1.348826 5.029873 3.436589 
31.145597 15.138738 40.571396 3.738930 4.946492 0.607079 
33.531281 15.961177 40.973137 -6.224214 0.229365 -0.488891 
33.264404 17.214018 39.890709 -5.085641 -3.518066 0.868074 
33.375614 17.063925 40.093689 -5.570165 -2.792269 0.227952 
31.373793 16.775928 39.116871 1.499160 4.672095 3.859429 
32.051998 16.589157 42.216938 2.608558 -1.388539 -5.503187 
30.771904 17.980352 41.299458 0.193621 0.044729 -3.068271 
32.193829 16.510685 38.873859 2.109172 1.793295 5.602401 
31.866339 15.254615 41.735626 2.215918 3.908712 -4.348132 
31.671124 15.440557 41.773968 2.634812 3.269786 -4.651682 
31.786911 14.840459 40.535419 1.615717 5.966661 0.817554 
31.766888 14.897798 40.313721 1.580445 5.708401 1.920555 
33.443615 15.552627 41.355007 -5.768746 2.190219 -0.406839 
31.066525 16.676010 39.385918 2.428073 4.102858 3.990721 
32.601662 18.778751 39.977661 -2.341864 1.012114 -1.432968 
32.447807 18.779490 40.194328 -2.707767 0.456010 -1.605909 
33.290264 17.089619 39.650127 -5.197164 -3.011625 1.614223 
33.425243 16.813421 39.688522 -5.755640 -1.911548 1.368090 
33.378956 17.007772 39.863644 -5.596102 -2.631517 0.874069 
33.146065 16.320045 42.263588 -4.585577 -1.870215 -3.551804 
33.246349 16.083700 42.199596 -5.235507 -0.831355 -3.207357 
32.467472 16.711813 42.334469 0.806458 -3.173759 -5.139945 
30.202604 16.845079 40.772232 2.721321 4.464619 -3.042414 
29.995918 16.806847 40.562523 0.829915 2.833514 -0.909814 
31.311701 16.749594 41.818279 3.216260 -1.053162 -5.274058 
31.252518 16.999092 41.714531 3.419632 -1.543295 -5.027924 
31.485500 16.984192 41.865479 2.898852 -1.470449 -5.348425 
31.556898 16.710283 41.959259 2.751450 -0.905367 -5.559424 
32.897850 17.323811 39.229324 -4.312570 -3.467560 2.920416 
32.957329 17.410696 39.478836 -4.326390 -4.075513 2.012166 
32.343018 14.988176 41.579628 0.380014 5.509496 -2.852338 
30.575384 15.844543 40.684490 5.717823 2.040523 0.692212 
31.812408 15.461107 39.579704 2.169777 3.505555 4.704007 
30.573381 16.867092 41.192684 4.252346 -0.355725 -4.602335 
31.134144 16.455908 39.489910 3.061281 2.388049 4.915781 
31.323048 16.339521 39.434967 2.744967 1.986576 5.286012 
31.324192 16.579048 39.329620 2.417679 3.161203 4.760174 
32.750519 17.773113 40.444447 -4.180351 -4.635282 -0.669088 
32.163143 16.224592 38.984642 2.692400 1.970986 5.296720 
31.098057 15.896498 39.751816 3.641749 2.354225 4.513807 
30.909430 16.150408 39.796558 4.362229 1.884096 4.040319 
33.155785 16.154289 39.110123 -3.768035 1.267805 4.723101 
31.336874 15.366654 41.494865 3.323655 3.690502 -3.767284 
32.831276 17.039013 38.961975 -3.518798 -1.952764 4.807353 
32.966373 16.893581 38.994820 -3.547541 -1.812705 4.787543 
30.781237 16.788252 39.433922 1.412172 2.287894 1.617213 
33.333775 17.131504 40.360085 -5.445541 -3.027640 -0.424869 
33.465897 16.840172 40.312759 -5.915449 -1.979067 -0.221974 
33.338551 16.813347 41.026211 -5.515381 -2.443858 -1.703636 
33.219219 16.895247 41.244946 -5.161820 -2.973384 -1.973013 
33.215492 17.054237 41.020641 -5.146015 -3.006822 -1.954028 
31.809223 16.656414 42.082127 2.547463 -1.083620 -5.628294 
31.634422 16.435190 42.026176 2.809710 -0.411442 -5.598690 
32.624043 15.185831 41.898144 0.101949 5.072309 -3.628069 
33.428417 16.759653 40.785149 -5.766085 -2.033150 -1.330099 
31.481964 16.233547 41.953518 2.944203 0.247702 -5.528986 
33.001621 16.292732 38.970451 -3.285365 1.167821 5.130601 
33.023827 16.509354 38.961887 -3.707928 0.035207 5.000988 
31.980089 15.822224 39.270851 2.743548 2.740336 4.918857 
32.717373 16.970652 42.041492 -2.366543 -4.437950 -3.657002 
32.932888 17.183588 41.402817 -4.325112 -3.868363 -2.402502 
33.080902 16.977589 41.444870 -4.768510 -3.515799 -2.076040 
32.921909 17.337536 41.188339 -4.191404 -3.934466 -2.515636 
32.690605 17.548191 41.201324 -3.602994 -4.471999 -2.508678 
31.737617 16.938923 41.994534 2.264273 -1.419579 -5.663683 
30.954020 16.593956 39.543240 3.287135 3.368809 4.046306 
32.097778 15.094373 41.677025 1.391566 4.739768 -3.774439 
30.607792 16.210695 40.296249 5.708539 1.476777 2.156155 
30.508541 16.382435 41.038170 5.822530 1.011441 -1.962400 
30.480457 16.329432 40.773926 6.059321 1.556337 -0.234399 
30.400990 16.613951 40.837742 5.457853 2.358313 -1.788996 
32.489120 16.925507 42.167625 -0.385680 -3.999265 -4.704146 
32.276031 17.044388 42.076405 0.081846 -3.283623 -5.286641 
30.965950 18.149326 41.290245 0.021816 -0.349604 -3.091987 
31.025623 17.896511 41.315140 0.861938 -0.792977 -6.142593 
30.113453 17.251448 41.088951 0.018064 1.420778 -2.687204 
33.164089 15.258602 40.164665 -4.304448 4.299929 1.360271 
30.896791 16.872438 41.478493 3.942299 -1.259319 -4.721304 
30.695433 16.727797 41.335079 4.359913 -0.718392 -4.439771 
30.875254 16.545816 41.536182 4.148491 -0.589997 -4.636703 
31.140467 16.515329 41.750008 3.514511 -0.619628 -5.131677 
32.789936 15.058651 41.653198 -1.527821 5.527145 -2.242753 
32.542278 15.041715 41.695446 -0.198224 5.370003 -3.046382 
31.875782 16.358461 42.156193 2.911979 -0.352383 -5.544131 
33.216873 16.748755 41.484985 -5.238581 -3.003939 -1.707444 
32.285561 17.311905 41.902523 -1.325186 -3.871775 -4.583444 
33.336266 16.250412 39.279800 -5.006745 0.386289 3.578099 
33.371811 16.492630 39.349369 -5.379524 -0.539691 3.036213 
31.848232 15.053147 41.515640 1.931727 4.832416 -3.314331 
32.695724 16.807819 42.236256 -1.507661 -4.100786 -4.351866 
32.256580 16.791388 42.222851 1.591174 -2.777281 -5.342785 
32.093647 17.153234 42.016739 0.321802 -2.689528 -5.591690 
30.725599 16.170771 40.044655 5.276688 1.572141 2.964716 
31.084335 16.784994 41.654945 3.702629 -1.204921 -4.913828 
33.466286 16.083902 39.622856 -5.914549 1.075650 1.586696 
33.294884 15.305797 41.329716 -4.723584 4.006880 -0.484940 
32.343536 15.138198 41.803158 0.927178 4.774232 -3.903135 
32.791096 17.353907 41.368275 -3.979445 -4.129585 -2.560186 
32.015881 16.902115 42.095646 1.670153 -2.017586 -5.682900 
30.617641 16.412243 40.139404 5.205196 2.369752 2.463371 
31.147228 15.217267 40.308884 3.445410 4.632766 2.333639 
32.599804 14.956045 41.472176 -0.991297 5.834706 -1.913021 
30.472458 16.579399 40.197937 3.800074 4.443178 1.923591 
31.565155 17.468000 41.694080 2.039348 -3.240418 -4.913814 
30.509991 16.647923 41.133949 5.161677 0.521374 -3.346167 
33.035812 15.560514 39.446686 -2.968221 4.137930 3.550002 
33.127945 17.321083 39.670212 -4.578205 -3.950934 1.532487 
33.344597 15.968461 42.038212 -5.612750 -0.579182 -2.617082 
32.899174 17.624510 39.955036 -4.415897 -4.394361 0.776528 
32.477444 14.915036 40.144691 -0.819484 5.807681 2.044424 
30.246054 16.720325 40.077747 1.210593 2.720966 0.810021 
31.334909 15.168337 40.178112 3.039534 4.557213 3.042692 
33.386127 16.696846 39.449379 -5.521121 -1.479025 2.377955 
30.635685 16.442345 41.300621 4.932055 0.195821 -3.732769 
32.545357 18.089672 40.036133 -5.667100 -2.322761 -1.035932 
33.226467 15.857590 42.237923 -4.805269 0.600033 -3.838426 
32.670765 15.038291 39.938896 -1.476288 5.276803 2.839399 
33.262188 17.185682 40.616638 -5.234802 -3.245387 -1.113680 
32.357258 15.324176 42.007099 1.417770 4.248334 -4.347620 
33.531635 16.543194 40.436207 -6.156396 -1.084700 -0.329663 
31.617603 15.033396 41.303951 2.435388 5.071758 -2.611225 
31.904530 17.814669 41.411797 -1.042750 -4.619594 -4.078435 
30.528517 16.136507 40.949486 6.036765 1.011771 -1.176118 
31.069742 17.649025 41.373154 2.207676 -1.355238 -5.699265 
31.292845 17.819416 41.389084 1.198875 -2.318604 -5.681771 
33.083340 17.125069 41.216618 -4.702522 -3.444736 -2.315731 
31.325514 15.056341 40.387932 3.040858 5.067980 1.851264 
32.428360 18.042625 40.596470 -4.448512 -3.922523 -1.999767 
32.205353 18.160351 40.785458 -4.045596 -3.447454 -3.270167 
33.101063 15.169795 41.555630 -3.329391 5.059738 -1.233460 
33.123692 15.142157 41.281895 -3.741171 4.954106 -0.622930 
32.889091 15.009487 41.333347 -2.521924 5.576833 -1.120748 
33.081718 16.850395 41.687622 -4.784335 -3.615390 -1.832958 
33.508873 15.959328 41.190578 -6.237181 -0.104434 -0.610480 
30.609665 15.929814 41.080368 5.497850 1.817477 -2.194494 
30.543116 15.943469 40.869160 5.857152 1.527792 -0.687598 
33.477119 16.727844 40.564030 -5.976658 -1.718478 -0.746166 
32.724834 18.731106 39.731075 -2.171007 1.199762 -1.120902 
33.466866 16.817404 39.996300 -5.954689 -1.831699 0.456906 
33.292530 16.910028 39.422466 -5.246706 -2.339814 2.422518 
32.436008 14.833467 40.449951 -1.086704 6.020222 1.340758 
31.070391 17.009209 41.576099 3.709299 -1.543106 -4.827825 
31.181677 17.212891 41.589462 3.460624 -1.839424 -4.903445 
33.123131 15.451490 39.685818 -3.755851 4.120782 2.751411 
32.931820 15.184919 41.848194 -1.642466 5.362241 -2.506491 
31.952974 18.706972 40.774586 -1.910414 -0.588214 -2.357894 
31.987768 18.545729 40.790115 -3.968839 -1.507867 -4.622735 
31.764362 18.635452 40.927624 -1.702490 -0.862695 -2.462835 
31.966534 18.000412 41.178745 -2.350061 -4.157541 -4.053462 
31.703821 18.022772 41.265862 -1.446216 -3.513553 -4.963874 
31.763893 18.227484 41.109901 -2.735015 -2.901439 -4.830964 
32.760937 14.975650 40.180645 -2.191914 5.593205 1.550651 
31.166212 18.311848 41.262329 -0.293802 -0.602541 -2.985043 
31.208838 18.072937 41.298283 0.059713 -1.380657 -6.110715 
33.111702 15.153118 40.414490 -4.077786 4.666071 0.789835 
30.550859 16.611008 40.018299 3.626294 4.212905 2.507928 
30.640875 16.644962 39.837002 3.653172 4.044549 2.854565 
30.423162 16.745623 39.869061 1.282557 2.555479 1.302582 
32.445930 18.392305 40.099907 -5.750690 -0.498660 -2.221449 
33.048676 15.070532 40.673229 -3.730309 4.998773 0.423962 
33.239372 15.249130 40.629333 -4.641541 4.157355 0.487499 
31.951729 17.653896 41.611839 -0.299299 -4.745548 -3.996986 
32.214634 18.556776 40.545895 -5.022192 -0.826697 -3.640412 
32.330357 18.492357 40.341854 -5.498876 -0.552874 -2.815701 
32.287834 18.297956 40.543484 -5.074618 -2.252688 -2.867672 
33.082939 17.281305 40.990059 -4.667180 -3.595697 -2.067835 
32.633999 17.904873 40.240116 -4.777497 -4.001665 -0.531649 
32.976593 15.090301 40.199280 -3.493468 4.993509 1.303059 
33.014591 15.200084 39.984673 -3.534696 4.656555 2.197829 
32.866882 15.077973 40.013172 -2.737502 4.986321 2.314346 
32.944576 17.516642 39.714661 -4.373863 -4.281665 1.402340 
32.822929 17.574675 39.537090 -4.589155 -3.959468 1.626247 
31.449556 18.039392 41.305763 -0.414374 -2.504158 -5.715974 
31.539623 18.254374 41.203136 -1.830580 -2.239172 -5.553635 
31.587482 17.841688 41.424747 0.131771 -3.624016 -5.078510 
30.744753 16.427633 39.884876 4.808669 2.297444 3.284063 
31.321133 14.999609 40.632545 3.033041 5.293506 0.277753 
31.177916 15.326493 41.278992 3.747414 4.006435 -2.995082 
31.422558 15.039793 41.085754 2.818971 5.209886 -1.933161 
31.387745 15.179439 41.316803 3.119411 4.483988 -3.007335 
32.876251 14.978906 40.458691 -2.999546 5.415070 0.739745 
31.924820 16.127230 39.167217 3.150625 1.992507 5.053756 
31.794233 15.942773 39.324970 2.915832 2.188122 5.115646 
32.620239 17.840954 40.653934 -3.999345 -4.602729 -1.482387 
32.576397 17.937527 40.450035 -4.517592 -4.216470 -1.076731 
31.561579 16.608418 39.196457 2.391508 3.103140 4.782868 
33.518276 15.845597 40.300411 -6.068649 1.420380 0.541147 
31.440748 16.135853 39.443069 2.778546 1.894433 5.307009 
31.977240 14.912813 40.174438 0.827852 5.701119 2.433557 
31.518349 16.366976 39.323288 2.768149 2.043500 5.250409 
31.675516 16.144053 39.315708 2.952348 1.883339 5.214681 
31.746084 16.393902 39.188858 3.056239 2.050578 5.071649 
31.371557 18.449547 41.188770 -0.775583 -0.925156 -2.806751 
31.348499 18.226778 41.255611 -0.895605 -1.653719 -5.981653 
31.248270 16.252180 41.830833 3.199546 0.282685 -5.346915 
31.572302 18.555426 41.072201 -1.335102 -1.041557 -2.562819 
32.894867 16.808971 42.106441 -3.272350 -4.115031 -3.266912 
32.654480 18.136734 38.905960 -2.886554 0.888912 -0.124689 
31.591242 15.236474 41.560177 2.686785 4.076694 -3.873273 
30.607174 16.167513 41.202290 5.422112 0.977400 -2.837632 
30.944876 16.396044 39.654213 4.019496 2.116979 4.305530 
31.471174 14.944061 40.819134 2.408601 5.656157 -0.797445 
33.402069 16.106640 39.424919 -5.507070 1.018102 2.621420 
33.444221 16.298311 39.495358 -5.839754 0.073287 2.174577 
33.164181 15.152940 40.872242 -4.220164 4.595851 0.102329 
31.390263 16.484222 41.899353 2.985135 -0.458989 -5.495965 
32.647491 14.895629 40.367264 -1.797716 5.862257 1.123067 
31.241993 15.172756 41.122726 3.549680 4.595724 -2.260493 
32.634537 14.888986 41.191032 -1.675607 5.868062 -1.264756 
31.476816 15.440701 41.659954 2.915243 3.284816 -4.451569 
31.901186 17.119844 41.998470 1.474356 -2.097302 -5.683822 
32.442947 18.147261 40.326115 -5.304385 -2.751623 -1.676190 
30.898373 17.455957 41.325428 2.754583 -0.828396 -5.544356 
31.982920 18.380583 40.856930 -3.851671 -2.308594 -4.373037 
32.127792 18.419168 40.697765 -4.466717 -1.875240 -3.972247 
32.607693 18.065187 39.118038 -6.063927 1.305199 -0.444286 
31.783342 14.984550 40.103668 1.579898 5.221083 2.972040 
31.549999 15.025695 40.186848 2.391061 5.007637 2.699193 
32.912399 16.674318 38.902260 -3.019949 -0.812812 5.371387 
32.697327 18.301256 39.101654 -2.921896 1.156761 -0.490854 
32.748482 18.466085 39.286186 -2.481086 1.375546 -0.770255 
32.086449 18.595894 40.682838 -4.352922 -1.105533 -4.383924 
31.110973 17.418905 41.462543 3.146096 -1.721610 -5.152086 
31.815138 18.389793 40.985859 -3.407258 -2.343918 -4.718416 
30.792271 16.613037 39.682602 3.800901 3.587811 3.335720 
30.602861 16.769907 39.655132 1.577480 2.331849 1.390733 
30.639633 15.734779 40.906868 5.345889 2.889716 -1.108177 
31.701359 16.163069 42.067524 2.930724 0.362102 -5.524664 
31.162542 16.171436 39.572197 3.249044 1.991341 4.936389 
31.408318 17.231342 41.737000 3.003807 -2.138617 -5.047542 
33.549988 15.989178 40.698662 -6.222923 0.479836 -0.234585 
33.095631 17.425554 39.924862 -4.545017 -4.216050 0.881945 
31.247795 17.594040 41.473049 2.431596 -2.296613 -5.306745 
31.990932 18.179956 40.985653 -3.351406 -3.433735 -4.019296 
33.200321 17.192297 40.830650 -5.105233 -3.259362 -1.603471 
33.315735 16.997828 40.811100 -5.416443 -2.756348 -1.546309 
32.135761 18.764065 40.607239 -2.165940 -0.318251 -2.087045 
32.757301 18.607700 39.493900 -2.416795 1.396912 -0.966240 
33.242203 15.232049 41.088970 -4.522762 4.294008 -0.162463 
31.964458 16.445829 39.025055 3.062861 2.134672 5.046614 
32.780930 17.229385 39.009251 -4.067618 -2.390270 4.100143 
33.398415 16.949585 40.576862 -5.639013 -2.501458 -0.941039 
32.852570 16.683960 42.270668 -2.630616 -3.782808 -4.165848 
31.454912 17.642218 41.532402 1.644862 -3.174013 -5.134022 
31.552099 14.916646 40.515625 2.173418 5.729020 0.953651 
33.011154 15.293325 39.797665 -3.166953 4.639245 2.690474 
31.716635 17.661682 41.578014 0.684739 -4.187642 -4.593222 
32.768639 16.860264 38.867794 -2.676995 -1.100793 5.531548 
32.997688 15.026781 40.891193 -3.392862 5.254324 -0.062065 
32.851330 14.952127 41.032852 -2.720225 5.607505 -0.528271 
33.051208 15.072943 41.086845 -3.531823 5.145123 -0.419120 
32.654510 14.864667 40.612644 -2.162864 5.835882 0.591696 
32.852730 14.944848 40.764862 -2.869180 5.559879 0.161841 
32.941307 15.708684 39.235065 -2.162395 3.852939 4.365853 
31.699915 15.133475 39.947533 2.130852 4.524976 3.762488 
31.323500 17.432432 41.589031 2.824878 -2.449554 -5.028379 
32.303185 18.790369 40.413780 -2.452329 0.031219 -1.709868 
